Date,Open,High,Low,Close,Volume
2002-10-29 16:00:00-05:00,15.0,15.1,15.0,15.0,85900
2002-10-30 16:00:00-05:00,15.01,15.03,15.0,15.0,45700
2002-10-31 16:00:00-05:00,15.01,15.01,15.0,15.0,21000
2002-11-01 16:00:00-05:00,15.0,15.01,15.0,15.0,40600
2002-11-04 16:00:00-05:00,15.0,15.01,15.0,15.0,99400
2002-11-05 16:00:00-05:00,15.0,15.01,15.0,15.0,60700
2002-11-06 16:00:00-05:00,15.0,15.01,15.0,15.0,25600
2002-11-07 16:00:00-05:00,15.0,15.01,15.0,15.0,55300
2002-11-08 16:00:00-05:00,15.0,15.01,15.0,15.01,66100
2002-11-11 16:00:00-05:00,15.01,15.01,15.0,15.01,22800
2002-11-12 16:00:00-05:00,15.0,15.01,15.0,15.0,22400
2002-11-13 16:00:00-05:00,15.0,15.01,15.0,15.01,14400
2002-11-14 16:00:00-05:00,15.0,15.0,15.0,15.0,11600
2002-11-15 16:00:00-05:00,15.0,15.01,15.0,15.0,64600
2002-11-18 16:00:00-05:00,15.0,15.01,15.0,15.0,16000
2002-11-19 16:00:00-05:00,15.01,15.01,15.0,15.01,17000
2002-11-20 16:00:00-05:00,15.0,15.0,15.0,15.0,56700
2002-11-21 16:00:00-05:00,15.0,15.01,15.0,15.0,40100
2002-11-22 16:00:00-05:00,15.0,15.01,15.0,15.0,37800
2002-11-25 16:00:00-05:00,15.0,15.01,15.0,15.0,37900
2002-11-26 16:00:00-05:00,15.0,15.0,15.0,15.0,10000
2002-11-27 16:00:00-05:00,15.0,15.0,15.0,15.0,100
2002-11-29 16:00:00-05:00,0.0,0.0,0.0,15.0,0
2002-12-02 16:00:00-05:00,15.0,15.01,15.0,15.0,62300
2002-12-03 16:00:00-05:00,14.9,14.91,14.9,14.91,54200
2002-12-04 16:00:00-05:00,14.9,14.91,14.9,14.91,56100
2002-12-05 16:00:00-05:00,14.9,14.91,14.9,14.9,57600
2002-12-06 16:00:00-05:00,14.9,14.91,14.9,14.91,24600
2002-12-09 16:00:00-05:00,14.9,14.91,14.9,14.9,9000
2002-12-10 16:00:00-05:00,14.9,14.91,14.9,14.9,47700
2002-12-11 16:00:00-05:00,14.8,14.8,14.15,14.25,63800
2002-12-12 16:00:00-05:00,14.25,14.25,14.1,14.11,32500
2002-12-13 16:00:00-05:00,14.1,14.2,14.1,14.15,22400
2002-12-16 16:00:00-05:00,14.19,14.25,14.0,14.0,29300
2002-12-17 16:00:00-05:00,14.0,14.1,14.0,14.08,16300
2002-12-18 16:00:00-05:00,14.09,14.15,14.08,14.15,24800
2002-12-19 16:00:00-05:00,14.25,14.3,14.15,14.2,15800
2002-12-20 16:00:00-05:00,14.2,14.25,14.0,14.05,36300
2002-12-23 16:00:00-05:00,14.05,14.05,13.85,13.95,49500
2002-12-24 16:00:00-05:00,13.97,14.03,13.9,14.0,9100
2002-12-26 16:00:00-05:00,14.0,14.0,13.9,13.91,49700
2002-12-27 16:00:00-05:00,13.91,14.0,13.9,14.0,30800
2002-12-30 16:00:00-05:00,14.0,14.19,13.95,14.1,51000
2002-12-31 16:00:00-05:00,14.15,14.21,14.15,14.21,50000
2003-01-02 16:00:00-05:00,14.21,14.23,14.18,14.22,5300
2003-01-03 16:00:00-05:00,14.23,14.23,14.2,14.2,16300
2003-01-06 16:00:00-05:00,14.23,14.27,14.2,14.27,2900
2003-01-07 16:00:00-05:00,14.25,14.3,14.05,14.06,26600
2003-01-08 16:00:00-05:00,14.09,14.09,14.05,14.06,28200
2003-01-09 16:00:00-05:00,14.07,14.1,13.99,14.09,11600
2003-01-10 16:00:00-05:00,14.01,14.1,13.96,14.1,22600
2003-01-13 16:00:00-05:00,14.1,14.1,13.91,14.0,16500
2003-01-14 16:00:00-05:00,14.0,14.02,13.96,13.98,24800
2003-01-15 16:00:00-05:00,14.0,14.05,13.9,14.0,29100
2003-01-16 16:00:00-05:00,13.95,13.99,13.86,13.99,49800
2003-01-17 16:00:00-05:00,13.99,14.0,13.9,13.97,41100
2003-01-21 16:00:00-05:00,13.97,14.02,13.9,13.96,47400
2003-01-22 16:00:00-05:00,13.88,14.03,13.88,14.0,62200
2003-01-23 16:00:00-05:00,14.02,14.04,14.0,14.0,46700
2003-01-24 16:00:00-05:00,14.0,14.04,13.96,13.96,37100
2003-01-27 16:00:00-05:00,13.99,14.0,13.92,14.0,67500
2003-01-28 16:00:00-05:00,14.0,14.0,13.9,13.9,51100
2003-01-29 16:00:00-05:00,13.9,13.98,13.89,13.97,25200
2003-01-30 16:00:00-05:00,13.89,13.94,13.89,13.92,13300
2003-01-31 16:00:00-05:00,13.92,13.94,13.75,13.77,46000
2003-02-03 16:00:00-05:00,13.87,13.93,13.87,13.93,28400
2003-02-04 16:00:00-05:00,13.93,13.98,13.93,13.94,15600
2003-02-05 16:00:00-05:00,13.94,14.09,13.93,14.09,23200
2003-02-06 16:00:00-05:00,14.14,14.15,14.01,14.15,16300
2003-02-07 16:00:00-05:00,14.15,14.19,14.11,14.15,11000
2003-02-10 16:00:00-05:00,14.11,14.11,13.94,13.95,40300
2003-02-11 16:00:00-05:00,13.95,14.05,13.94,13.95,60900
2003-02-12 16:00:00-05:00,13.94,14.1,13.94,14.01,40600
2003-02-13 16:00:00-05:00,13.96,14.12,13.95,14.1,15900
2003-02-14 16:00:00-05:00,14.06,14.15,13.9,14.05,23900
2003-02-18 16:00:00-05:00,14.15,14.15,13.75,14.0,34400
2003-02-19 16:00:00-05:00,13.93,13.98,13.7,13.89,76600
2003-02-20 16:00:00-05:00,13.9,13.9,13.7,13.83,79500
2003-02-21 16:00:00-05:00,13.75,13.9,13.6,13.7,86600
2003-02-24 16:00:00-05:00,13.72,14.05,13.72,13.84,93500
2003-02-25 16:00:00-05:00,13.84,14.09,13.84,14.09,72800
2003-02-26 16:00:00-05:00,14.07,14.13,14.05,14.13,15900
2003-02-27 16:00:00-05:00,14.13,14.13,14.0,14.09,19300
2003-02-28 16:00:00-05:00,14.0,14.12,13.9,14.0,24400
2003-03-03 16:00:00-05:00,13.99,14.14,13.93,14.02,14600
2003-03-04 16:00:00-05:00,14.1,14.11,14.05,14.1,28700
2003-03-05 16:00:00-05:00,14.0,14.14,14.0,14.1,27700
2003-03-06 16:00:00-05:00,14.14,14.49,14.1,14.49,68000
2003-03-07 16:00:00-05:00,14.48,14.5,14.3,14.5,41300
2003-03-10 16:00:00-05:00,14.4,14.49,14.2,14.32,67000
2003-03-11 16:00:00-05:00,14.5,14.51,14.3,14.5,23600
2003-03-12 16:00:00-05:00,14.4,14.7,14.36,14.52,40300
2003-03-13 16:00:00-05:00,14.42,14.52,14.32,14.32,44400
2003-03-14 16:00:00-05:00,14.4,14.4,14.2,14.3,21400
2003-03-17 16:00:00-05:00,14.4,14.4,14.0,14.15,63500
2003-03-18 16:00:00-05:00,14.05,14.2,14.0,14.2,70900
2003-03-19 16:00:00-05:00,14.2,14.29,14.0,14.1,34000
2003-03-20 16:00:00-05:00,14.14,14.39,14.11,14.17,20400
2003-03-21 16:00:00-05:00,14.19,14.25,14.16,14.19,51100
2003-03-24 16:00:00-05:00,14.19,14.22,14.15,14.15,30300
2003-03-25 16:00:00-05:00,14.19,14.31,14.05,14.12,64600
2003-03-26 16:00:00-05:00,13.94,14.0,13.94,13.94,31700
2003-03-27 16:00:00-05:00,13.95,13.95,13.83,13.92,26200
2003-03-28 16:00:00-05:00,13.93,14.2,13.93,14.01,57100
2003-03-31 16:00:00-05:00,14.04,14.24,13.96,14.15,43500
2003-04-01 16:00:00-05:00,14.15,14.16,14.06,14.1,35100
2003-04-02 16:00:00-05:00,14.05,14.15,14.05,14.06,14500
2003-04-03 16:00:00-05:00,14.16,14.16,13.99,14.05,35300
2003-04-04 16:00:00-05:00,14.1,14.1,14.0,14.04,20100
2003-04-07 16:00:00-04:00,13.96,14.0,13.91,13.93,32900
2003-04-08 16:00:00-04:00,13.99,13.99,13.82,13.82,34700
2003-04-09 16:00:00-04:00,13.85,13.9,13.68,13.73,96700
2003-04-10 16:00:00-04:00,13.75,13.85,13.71,13.75,40800
2003-04-11 16:00:00-04:00,13.72,14.0,13.71,13.99,32700
2003-04-14 16:00:00-04:00,14.0,14.04,13.95,13.96,40700
2003-04-15 16:00:00-04:00,13.99,13.99,13.86,13.95,65500
2003-04-16 16:00:00-04:00,14.05,14.09,13.86,13.96,42200
2003-04-17 16:00:00-04:00,13.98,13.99,13.91,13.99,19400
2003-04-21 16:00:00-04:00,13.99,13.99,13.84,13.84,55100
2003-04-22 16:00:00-04:00,13.94,13.98,13.85,13.91,68200
2003-04-23 16:00:00-04:00,13.9,13.97,13.86,13.97,62900
2003-04-24 16:00:00-04:00,13.97,14.0,13.91,13.95,24000
2003-04-25 16:00:00-04:00,14.05,14.11,13.96,14.11,15400
2003-04-28 16:00:00-04:00,14.0,14.09,13.95,14.04,50800
2003-04-29 16:00:00-04:00,14.07,14.07,13.96,14.0,25700
2003-04-30 16:00:00-04:00,14.05,14.15,14.0,14.15,49800
2003-05-01 16:00:00-04:00,14.15,14.19,14.07,14.11,22600
2003-05-02 16:00:00-04:00,14.19,14.23,14.12,14.12,20000
2003-05-05 16:00:00-04:00,14.2,14.2,14.11,14.15,33200
2003-05-06 16:00:00-04:00,14.21,14.25,14.12,14.16,45800
2003-05-07 16:00:00-04:00,14.2,14.35,14.17,14.3,27500
2003-05-08 16:00:00-04:00,14.25,14.55,14.24,14.5,66200
2003-05-09 16:00:00-04:00,14.5,14.5,14.35,14.35,47800
2003-05-12 16:00:00-04:00,14.39,14.49,14.29,14.41,49400
2003-05-13 16:00:00-04:00,14.49,14.49,14.3,14.35,21900
2003-05-14 16:00:00-04:00,14.38,14.43,14.35,14.35,21400
2003-05-15 16:00:00-04:00,14.4,14.5,14.29,14.39,50300
2003-05-16 16:00:00-04:00,14.35,14.4,14.3,14.3,55800
2003-05-19 16:00:00-04:00,14.33,14.55,14.26,14.37,69400
2003-05-20 16:00:00-04:00,14.4,14.49,14.35,14.45,23300
2003-05-21 16:00:00-04:00,14.42,14.54,14.35,14.53,60400
2003-05-22 16:00:00-04:00,14.43,14.58,14.37,14.37,41500
2003-05-23 16:00:00-04:00,14.4,14.64,14.4,14.64,45800
2003-05-27 16:00:00-04:00,14.63,14.63,14.48,14.59,48900
2003-05-28 16:00:00-04:00,14.64,14.69,14.51,14.69,18600
2003-05-29 16:00:00-04:00,14.7,14.75,14.6,14.61,38900
2003-05-30 16:00:00-04:00,14.71,14.77,14.59,14.6,73900
2003-06-02 16:00:00-04:00,14.6,14.6,14.45,14.46,117000
2003-06-03 16:00:00-04:00,14.56,14.59,14.51,14.51,82000
2003-06-04 16:00:00-04:00,14.52,14.75,14.47,14.71,86100
2003-06-05 16:00:00-04:00,14.76,14.89,14.7,14.76,32800
2003-06-06 16:00:00-04:00,14.76,14.76,14.55,14.66,94200
2003-06-09 16:00:00-04:00,14.66,14.85,14.66,14.78,41900
2003-06-10 16:00:00-04:00,14.79,14.9,14.7,14.75,39900
2003-06-11 16:00:00-04:00,14.8,14.8,14.68,14.78,51500
2003-06-12 16:00:00-04:00,14.8,14.88,14.77,14.85,32400
2003-06-13 16:00:00-04:00,14.89,14.93,14.7,14.75,105400
2003-06-16 16:00:00-04:00,14.8,14.8,14.6,14.72,87300
2003-06-17 16:00:00-04:00,14.7,14.77,14.7,14.77,58300
2003-06-18 16:00:00-04:00,14.74,14.82,14.71,14.72,47900
2003-06-19 16:00:00-04:00,14.72,14.8,14.7,14.78,59600
2003-06-20 16:00:00-04:00,14.78,14.78,14.7,14.78,54900
2003-06-23 16:00:00-04:00,14.71,14.78,14.66,14.66,55900
2003-06-24 16:00:00-04:00,14.65,14.68,14.57,14.62,36900
2003-06-25 16:00:00-04:00,14.49,14.55,14.42,14.54,68200
2003-06-26 16:00:00-04:00,14.54,14.6,14.51,14.6,51900
2003-06-27 16:00:00-04:00,14.6,14.65,14.56,14.65,41600
2003-06-30 16:00:00-04:00,14.65,14.68,14.55,14.6,10300
2003-07-01 16:00:00-04:00,14.65,14.77,14.56,14.61,24400
2003-07-02 16:00:00-04:00,14.63,14.63,14.56,14.62,16000
2003-07-03 16:00:00-04:00,14.61,14.61,14.55,14.55,18300
2003-07-07 16:00:00-04:00,14.59,14.59,14.46,14.47,30300
2003-07-08 16:00:00-04:00,14.47,14.54,14.35,14.35,38600
2003-07-09 16:00:00-04:00,14.36,14.39,14.24,14.29,46700
2003-07-10 16:00:00-04:00,14.3,14.35,14.3,14.34,42400
2003-07-11 16:00:00-04:00,14.3,14.36,14.26,14.36,49700
2003-07-14 16:00:00-04:00,14.36,14.37,14.3,14.3,20900
2003-07-15 16:00:00-04:00,14.3,14.3,14.21,14.3,50100
2003-07-16 16:00:00-04:00,14.3,14.32,14.1,14.32,30900
2003-07-17 16:00:00-04:00,14.32,14.32,14.01,14.14,45700
2003-07-18 16:00:00-04:00,14.18,14.19,14.05,14.06,25200
2003-07-21 16:00:00-04:00,14.04,14.09,13.9,13.9,56100
2003-07-22 16:00:00-04:00,13.85,13.9,13.79,13.85,43400
2003-07-23 16:00:00-04:00,13.87,13.87,13.72,13.83,29300
2003-07-24 16:00:00-04:00,13.86,13.87,13.72,13.74,47800
2003-07-25 16:00:00-04:00,13.74,13.74,13.37,13.5,77400
2003-07-28 16:00:00-04:00,13.49,13.49,13.1,13.15,131600
2003-07-29 16:00:00-04:00,13.06,13.26,13.03,13.22,123600
2003-07-30 16:00:00-04:00,13.15,13.28,13.15,13.2,99100
2003-07-31 16:00:00-04:00,13.3,13.3,12.8,12.95,147200
2003-08-01 16:00:00-04:00,12.95,12.95,12.7,12.88,208100
2003-08-04 16:00:00-04:00,12.9,13.09,12.8,13.09,102900
2003-08-05 16:00:00-04:00,13.09,13.19,13.0,13.12,78200
2003-08-06 16:00:00-04:00,13.12,13.23,13.09,13.1,56800
2003-08-07 16:00:00-04:00,13.1,13.52,13.1,13.52,66100
2003-08-08 16:00:00-04:00,13.53,13.63,13.51,13.6,51900
2003-08-11 16:00:00-04:00,13.57,13.57,13.41,13.45,34400
2003-08-12 16:00:00-04:00,13.4,13.46,13.27,13.32,53400
2003-08-13 16:00:00-04:00,13.3,13.32,13.2,13.31,81700
2003-08-14 16:00:00-04:00,13.32,13.35,13.21,13.3,32900
2003-08-15 16:00:00-04:00,13.36,13.43,13.27,13.35,30300
2003-08-18 16:00:00-04:00,13.28,13.44,13.27,13.4,44100
2003-08-19 16:00:00-04:00,13.3,13.41,13.26,13.3,21400
2003-08-20 16:00:00-04:00,13.4,13.58,13.35,13.46,25100
2003-08-21 16:00:00-04:00,13.51,13.51,13.39,13.48,26600
2003-08-22 16:00:00-04:00,13.48,13.58,13.35,13.36,33800
2003-08-25 16:00:00-04:00,13.46,13.58,13.34,13.34,57800
2003-08-26 16:00:00-04:00,13.34,13.45,13.19,13.26,63000
2003-08-27 16:00:00-04:00,13.26,13.31,13.2,13.25,11500
2003-08-28 16:00:00-04:00,13.34,13.35,13.2,13.35,18900
2003-08-29 16:00:00-04:00,13.35,13.5,13.25,13.43,30400
2003-09-02 16:00:00-04:00,13.45,13.45,13.28,13.28,18500
2003-09-03 16:00:00-04:00,13.25,13.39,13.25,13.38,31800
2003-09-04 16:00:00-04:00,13.38,13.4,13.3,13.33,15100
2003-09-05 16:00:00-04:00,13.35,13.49,13.35,13.49,52100
2003-09-08 16:00:00-04:00,13.59,13.68,13.59,13.6,56900
2003-09-09 16:00:00-04:00,13.66,13.66,13.57,13.64,27200
2003-09-10 16:00:00-04:00,13.62,13.62,13.5,13.61,19500
2003-09-11 16:00:00-04:00,13.6,13.72,13.6,13.72,59900
2003-09-12 16:00:00-04:00,13.74,13.95,13.66,13.95,57600
2003-09-15 16:00:00-04:00,13.89,13.91,13.77,13.84,56200
2003-09-16 16:00:00-04:00,13.82,13.83,13.7,13.8,28100
2003-09-17 16:00:00-04:00,13.81,13.84,13.63,13.7,31900
2003-09-18 16:00:00-04:00,13.72,13.72,13.72,13.72,0
2003-09-19 16:00:00-04:00,13.72,13.75,13.61,13.62,23400
2003-09-22 16:00:00-04:00,13.61,13.62,13.55,13.59,23100
2003-09-23 16:00:00-04:00,13.6,13.6,13.5,13.51,30700
2003-09-24 16:00:00-04:00,13.51,13.51,13.41,13.41,18300
2003-09-25 16:00:00-04:00,13.42,13.42,13.42,13.42,0
2003-09-26 16:00:00-04:00,13.49,13.7,13.42,13.7,25200
2003-09-29 16:00:00-04:00,13.75,13.78,13.56,13.62,36700
2003-09-30 16:00:00-04:00,13.67,13.67,13.53,13.62,37000
2003-10-01 16:00:00-04:00,13.7,13.71,13.58,13.67,28700
2003-10-02 16:00:00-04:00,13.69,13.69,13.69,13.69,0
2003-10-03 16:00:00-04:00,13.69,13.69,13.54,13.6,28000
2003-10-06 16:00:00-04:00,13.53,13.69,13.51,13.6,28800
2003-10-07 16:00:00-04:00,13.65,13.65,13.54,13.59,45100
2003-10-08 16:00:00-04:00,13.59,13.59,13.46,13.49,50700
2003-10-09 16:00:00-04:00,13.5,13.5,13.5,13.5,0
2003-10-10 16:00:00-04:00,13.6,13.6,13.45,13.45,49700
2003-10-13 16:00:00-04:00,13.45,13.5,13.42,13.42,35600
2003-10-14 16:00:00-04:00,13.47,13.47,13.38,13.38,20000
2003-10-15 16:00:00-04:00,13.38,13.4,13.35,13.4,39600
2003-10-16 16:00:00-04:00,13.3,13.3,13.3,13.3,0
2003-10-17 16:00:00-04:00,13.31,13.31,13.2,13.21,62300
2003-10-20 16:00:00-04:00,13.26,13.32,13.18,13.2,42700
2003-10-21 16:00:00-04:00,13.22,13.25,13.16,13.25,20600
2003-10-22 16:00:00-04:00,13.38,13.38,13.38,13.38,0
2003-10-23 16:00:00-04:00,13.39,13.39,13.26,13.29,35200
2003-10-24 16:00:00-04:00,13.27,13.39,13.27,13.32,79800
2003-10-27 16:00:00-05:00,13.32,13.41,13.31,13.41,11700
2003-10-28 16:00:00-05:00,13.45,13.5,13.42,13.5,51400
2003-10-29 16:00:00-05:00,13.5,13.5,13.45,13.49,53100
2003-10-30 16:00:00-05:00,13.52,13.52,13.52,13.52,0
2003-10-31 16:00:00-05:00,13.58,13.59,13.43,13.54,35900
2003-11-03 16:00:00-05:00,13.57,13.57,13.44,13.53,27939
2003-11-04 16:00:00-05:00,13.55,13.58,13.5,13.58,19161
2003-11-05 16:00:00-05:00,13.58,13.7,13.58,13.7,52900
2003-11-06 16:00:00-05:00,13.76,13.76,13.76,13.76,0
2003-11-07 16:00:00-05:00,13.76,13.86,13.72,13.74,22200
2003-11-10 16:00:00-05:00,13.77,13.79,13.71,13.71,37400
2003-11-11 16:00:00-05:00,13.75,13.83,13.72,13.83,33400
2003-11-12 16:00:00-05:00,13.81,13.84,13.64,13.64,34400
2003-11-13 16:00:00-05:00,13.61,13.61,13.61,13.61,0
2003-11-14 16:00:00-05:00,13.65,13.67,13.52,13.52,27800
2003-11-17 16:00:00-05:00,13.55,13.6,13.53,13.56,27500
2003-11-18 16:00:00-05:00,13.59,13.64,13.49,13.62,35500
2003-11-19 16:00:00-05:00,13.56,13.56,13.46,13.51,96100
2003-11-20 16:00:00-05:00,13.4,13.4,13.4,13.4,0
2003-11-21 16:00:00-05:00,13.45,13.48,13.36,13.38,49800
2003-11-24 16:00:00-05:00,13.35,13.35,13.35,13.35,0
2003-11-25 16:00:00-05:00,13.37,13.38,13.29,13.34,30300
2003-11-26 16:00:00-05:00,13.29,13.42,13.29,13.35,55000
2003-11-28 13:00:00-05:00,13.43,13.43,13.38,13.4,10000
2003-12-01 16:00:00-05:00,13.5,13.51,13.37,13.37,65100
2003-12-02 16:00:00-05:00,13.34,13.5,13.32,13.36,107200
2003-12-03 16:00:00-05:00,13.41,13.44,13.35,13.44,49400
2003-12-04 16:00:00-05:00,13.41,13.41,13.41,13.41,0
2003-12-05 16:00:00-05:00,13.41,13.54,13.4,13.54,103800
2003-12-08 16:00:00-05:00,13.49,13.54,13.45,13.5,109800
2003-12-09 16:00:00-05:00,13.44,13.57,13.43,13.5,141300
2003-12-10 16:00:00-05:00,13.4,13.46,13.39,13.45,60700
2003-12-11 16:00:00-05:00,13.49,13.49,13.49,13.49,0
2003-12-12 16:00:00-05:00,13.5,13.54,13.4,13.43,171800
2003-12-15 16:00:00-05:00,13.43,13.5,13.37,13.48,145900
2003-12-16 16:00:00-05:00,13.48,13.48,13.4,13.41,82600
2003-12-17 16:00:00-05:00,13.46,13.52,13.4,13.5,146300
2003-12-18 16:00:00-05:00,13.44,13.44,13.44,13.44,0
2003-12-19 16:00:00-05:00,13.5,13.54,13.44,13.47,84300
2003-12-22 16:00:00-05:00,13.45,13.54,13.43,13.45,146400
2003-12-23 16:00:00-05:00,13.55,13.55,13.45,13.53,231900
2003-12-24 13:00:00-05:00,13.53,13.6,13.5,13.55,176300
2003-12-26 13:00:00-05:00,13.55,13.61,13.5,13.5,51500
2003-12-29 16:00:00-05:00,13.45,13.63,13.42,13.47,47300
2003-12-30 16:00:00-05:00,13.48,13.48,13.48,13.48,0
2003-12-31 16:00:00-05:00,13.5,13.54,13.45,13.46,163000
2004-01-02 16:00:00-05:00,13.5,13.55,13.45,13.55,34400
2004-01-05 16:00:00-05:00,13.5,13.57,13.46,13.53,24600
2004-01-06 16:00:00-05:00,13.57,13.65,13.53,13.56,19900
2004-01-07 16:00:00-05:00,13.55,13.65,13.53,13.6,35200
2004-01-08 16:00:00-05:00,13.7,13.7,13.7,13.7,0
2004-01-09 16:00:00-05:00,13.75,13.87,13.7,13.76,55400
2004-01-12 16:00:00-05:00,13.78,13.8,13.7,13.77,68300
2004-01-13 16:00:00-05:00,13.78,13.83,13.71,13.83,36800
2004-01-14 16:00:00-05:00,13.75,13.88,13.75,13.84,48000
2004-01-15 16:00:00-05:00,13.83,13.88,13.77,13.8,35400
2004-01-16 16:00:00-05:00,13.83,13.9,13.76,13.83,51400
2004-01-20 16:00:00-05:00,13.77,14.06,13.77,14.05,72600
2004-01-21 16:00:00-05:00,14.0,14.01,13.9,13.9,106700
2004-01-22 16:00:00-05:00,13.96,13.96,13.96,13.96,0
2004-01-23 16:00:00-05:00,13.98,14.04,13.91,13.96,40900
2004-01-26 16:00:00-05:00,13.96,14.0,13.82,13.85,51100
2004-01-27 16:00:00-05:00,13.88,13.91,13.82,13.91,42300
2004-01-28 16:00:00-05:00,13.91,13.99,13.86,13.99,37100
2004-01-29 16:00:00-05:00,13.86,13.86,13.86,13.86,0
2004-01-30 16:00:00-05:00,13.9,13.91,13.83,13.83,47800
2004-02-02 16:00:00-05:00,13.93,13.94,13.82,13.88,25800
2004-02-03 16:00:00-05:00,13.9,14.09,13.85,14.09,76300
2004-02-04 16:00:00-05:00,14.01,14.08,13.97,14.04,31000
2004-02-05 16:00:00-05:00,14.0,14.0,14.0,14.0,0
2004-02-06 16:00:00-05:00,14.0,14.14,14.0,14.1,42100
2004-02-09 16:00:00-05:00,14.09,14.11,14.05,14.11,11100
2004-02-10 16:00:00-05:00,14.15,14.16,14.08,14.09,23200
2004-02-11 16:00:00-05:00,14.04,14.1,14.0,14.1,16800
2004-02-12 16:00:00-05:00,14.02,14.02,14.02,14.02,0
2004-02-13 16:00:00-05:00,14.0,14.05,14.0,14.03,28300
2004-02-17 16:00:00-05:00,14.0,14.1,14.0,14.06,24000
2004-02-18 16:00:00-05:00,14.08,14.08,14.0,14.02,26400
2004-02-19 16:00:00-05:00,14.02,14.02,14.02,14.02,0
2004-02-20 16:00:00-05:00,14.07,14.07,13.88,13.97,23300
2004-02-23 16:00:00-05:00,14.0,14.05,13.89,13.9,49600
2004-02-24 16:00:00-05:00,13.95,13.95,13.85,13.85,41100
2004-02-25 16:00:00-05:00,13.93,13.95,13.85,13.95,34700
2004-02-26 16:00:00-05:00,13.92,13.92,13.92,13.92,0
2004-02-27 16:00:00-05:00,13.93,14.01,13.86,13.98,22700
2004-03-01 16:00:00-05:00,14.07,14.08,14.02,14.06,28300
2004-03-02 16:00:00-05:00,14.07,14.14,13.99,14.09,65100
2004-03-03 16:00:00-05:00,14.11,14.11,14.0,14.02,60500
2004-03-04 16:00:00-05:00,14.02,14.02,14.02,14.02,0
2004-03-05 16:00:00-05:00,14.05,14.23,14.05,14.2,75400
2004-03-08 16:00:00-05:00,14.24,14.24,14.1,14.16,124900
2004-03-09 16:00:00-05:00,14.15,14.18,14.11,14.16,110300
2004-03-10 16:00:00-05:00,14.14,14.15,14.09,14.14,25800
2004-03-11 16:00:00-05:00,14.2,14.2,14.2,14.2,0
2004-03-12 16:00:00-05:00,14.21,14.24,14.14,14.2,47200
2004-03-15 16:00:00-05:00,14.21,14.24,14.15,14.24,78100
2004-03-16 16:00:00-05:00,14.22,14.23,14.15,14.19,43600
2004-03-17 16:00:00-05:00,14.21,14.22,14.12,14.2,77900
2004-03-18 16:00:00-05:00,14.12,14.12,14.12,14.12,0
2004-03-19 16:00:00-05:00,14.14,14.14,14.09,14.12,26400
2004-03-22 16:00:00-05:00,14.17,14.2,14.13,14.2,27600
2004-03-23 16:00:00-05:00,14.15,14.22,14.15,14.22,19400
2004-03-24 16:00:00-05:00,14.22,14.32,14.22,14.3,53600
2004-03-25 16:00:00-05:00,14.22,14.22,14.22,14.22,0
2004-03-26 16:00:00-05:00,14.21,14.24,14.17,14.18,42500
2004-03-29 16:00:00-05:00,14.17,14.18,14.11,14.11,32500
2004-03-30 16:00:00-05:00,14.11,14.16,14.1,14.12,66200
2004-03-31 16:00:00-05:00,14.2,14.2,14.15,14.19,21400
2004-04-01 16:00:00-05:00,14.18,14.18,14.18,14.18,0
2004-04-02 16:00:00-05:00,14.15,14.15,14.0,14.01,61300
2004-04-05 16:00:00-04:00,14.0,14.01,13.6,13.6,77800
2004-04-06 16:00:00-04:00,13.6,13.67,13.42,13.51,81400
2004-04-07 16:00:00-04:00,13.52,13.75,13.48,13.48,57200
2004-04-08 16:00:00-04:00,13.46,13.46,13.46,13.46,0
2004-04-12 16:00:00-04:00,13.48,13.51,13.38,13.4,50800
2004-04-13 16:00:00-04:00,13.37,13.37,13.29,13.34,58300
2004-04-14 16:00:00-04:00,13.26,13.26,13.12,13.12,83700
2004-04-15 16:00:00-04:00,13.04,13.04,13.04,13.04,0
2004-04-16 16:00:00-04:00,13.1,13.31,13.1,13.3,96500
2004-04-19 16:00:00-04:00,13.31,13.36,13.21,13.21,82700
2004-04-20 16:00:00-04:00,13.2,13.27,13.16,13.2,72200
2004-04-21 16:00:00-04:00,13.2,13.21,13.1,13.2,110400
2004-04-22 16:00:00-04:00,13.21,13.21,13.21,13.21,0
2004-04-23 16:00:00-04:00,13.18,13.18,13.06,13.08,38700
2004-04-26 16:00:00-04:00,13.08,13.09,12.95,12.98,80600
2004-04-27 16:00:00-04:00,12.93,12.95,12.9,12.92,139000
2004-04-28 16:00:00-04:00,12.93,12.96,12.87,12.9,60200
2004-04-29 16:00:00-04:00,12.83,12.83,12.83,12.83,0
2004-04-30 16:00:00-04:00,12.97,12.97,12.83,12.87,105500
2004-05-03 16:00:00-04:00,12.91,12.93,12.87,12.89,91400
2004-05-04 16:00:00-04:00,12.87,12.95,12.85,12.92,125100
2004-05-05 16:00:00-04:00,12.96,13.01,12.92,12.98,82400
2004-05-06 16:00:00-04:00,12.94,12.94,12.94,12.94,0
2004-05-07 16:00:00-04:00,12.91,12.91,12.77,12.78,96000
2004-05-10 16:00:00-04:00,12.78,12.78,12.69,12.7,85900
2004-05-11 16:00:00-04:00,12.7,12.79,12.67,12.79,74100
2004-05-12 16:00:00-04:00,12.81,12.81,12.61,12.67,43900
2004-05-13 16:00:00-04:00,12.43,12.43,12.43,12.43,0
2004-05-14 16:00:00-04:00,12.44,12.65,12.44,12.62,74800
2004-05-17 16:00:00-04:00,12.69,12.7,12.62,12.62,32200
2004-05-18 16:00:00-04:00,12.65,12.65,12.55,12.64,47600
2004-05-19 16:00:00-04:00,12.65,12.68,12.54,12.56,90300
2004-05-20 16:00:00-04:00,12.7,12.7,12.7,12.7,0
2004-05-21 16:00:00-04:00,12.73,12.78,12.7,12.75,69800
2004-05-24 16:00:00-04:00,12.75,12.78,12.73,12.76,64300
2004-05-25 16:00:00-04:00,12.78,12.82,12.75,12.82,118800
2004-05-26 16:00:00-04:00,12.81,12.85,12.8,12.81,42100
2004-05-27 16:00:00-04:00,12.94,12.94,12.94,12.94,0
2004-05-28 16:00:00-04:00,12.97,12.99,12.9,12.9,34500
2004-06-01 16:00:00-04:00,12.91,13.0,12.91,12.96,51200
2004-06-02 16:00:00-04:00,13.06,13.08,13.0,13.01,75800
2004-06-03 16:00:00-04:00,13.03,13.04,12.94,12.99,43100
2004-06-04 16:00:00-04:00,13.02,13.12,13.02,13.12,33400
2004-06-07 16:00:00-04:00,13.15,13.2,13.1,13.17,31500
2004-06-08 16:00:00-04:00,13.2,13.21,13.15,13.2,35800
2004-06-09 16:00:00-04:00,13.18,13.18,12.95,12.96,42500
2004-06-10 16:00:00-04:00,12.97,13.01,12.91,12.97,42600
2004-06-14 16:00:00-04:00,13.02,13.02,12.83,12.91,37300
2004-06-15 16:00:00-04:00,12.91,13.0,12.87,12.99,45900
2004-06-16 16:00:00-04:00,13.05,13.05,12.87,12.93,42800
2004-06-17 16:00:00-04:00,13.05,13.05,12.85,12.85,28000
2004-06-18 16:00:00-04:00,12.9,12.92,12.8,12.89,33600
2004-06-21 16:00:00-04:00,12.95,12.95,12.85,12.86,29600
2004-06-22 16:00:00-04:00,12.9,12.9,12.82,12.87,52400
2004-06-23 16:00:00-04:00,12.84,12.87,12.78,12.79,45300
2004-06-24 16:00:00-04:00,12.8,12.9,12.79,12.88,19400
2004-06-25 16:00:00-04:00,12.83,12.9,12.82,12.83,33200
2004-06-28 16:00:00-04:00,12.93,12.93,12.81,12.85,15400
2004-06-29 16:00:00-04:00,12.85,12.89,12.82,12.86,13400
2004-06-30 16:00:00-04:00,12.86,12.95,12.83,12.91,38000
2004-07-01 16:00:00-04:00,13.0,13.02,12.92,13.02,44700
2004-07-02 16:00:00-04:00,13.07,13.3,13.07,13.28,58300
2004-07-06 16:00:00-04:00,13.25,13.26,13.15,13.18,39400
2004-07-07 16:00:00-04:00,13.2,13.2,13.12,13.2,27400
2004-07-08 16:00:00-04:00,13.15,13.24,13.15,13.23,18500
2004-07-09 16:00:00-04:00,13.22,13.3,13.22,13.3,21000
2004-07-12 16:00:00-04:00,13.33,13.36,13.33,13.33,22800
2004-07-13 16:00:00-04:00,13.37,13.41,13.34,13.35,19900
2004-07-14 16:00:00-04:00,13.37,13.37,13.33,13.33,62900
2004-07-15 16:00:00-04:00,13.35,13.43,13.332,13.38,44800
2004-07-16 16:00:00-04:00,13.38,13.45,13.32,13.45,55700
2004-07-19 16:00:00-04:00,13.46,13.5,13.35,13.48,45500
2004-07-20 16:00:00-04:00,13.45,13.45,13.4,13.41,79900
2004-07-21 16:00:00-04:00,13.5,13.5,13.31,13.31,55500
2004-07-22 16:00:00-04:00,13.26,13.6,13.26,13.48,133500
2004-07-23 16:00:00-04:00,13.55,13.75,13.45,13.74,85700
2004-07-26 16:00:00-04:00,13.75,13.77,13.5,13.61,55100
2004-07-27 16:00:00-04:00,13.62,13.62,13.5,13.57,14000
2004-07-28 16:00:00-04:00,13.58,13.58,13.52,13.56,23600
2004-07-29 16:00:00-04:00,13.56,13.58,13.53,13.56,54600
2004-07-30 16:00:00-04:00,13.61,13.65,13.56,13.64,12800
2004-08-02 16:00:00-04:00,13.67,13.68,13.65,13.66,26100
2004-08-03 16:00:00-04:00,13.72,13.8,13.68,13.8,124800
2004-08-04 16:00:00-04:00,13.7,13.81,13.7,13.75,45100
2004-08-05 16:00:00-04:00,13.75,13.77,13.72,13.77,31300
2004-08-06 16:00:00-04:00,13.82,13.87,13.8,13.83,46100
2004-08-09 16:00:00-04:00,13.85,13.9,13.71,13.86,69100
2004-08-10 16:00:00-04:00,13.86,13.86,13.64,13.75,41000
2004-08-11 16:00:00-04:00,13.69,13.69,13.57,13.61,46100
2004-08-12 16:00:00-04:00,13.64,13.64,13.61,13.64,14900
2004-08-13 16:00:00-04:00,13.65,13.65,13.59,13.64,44400
2004-08-16 16:00:00-04:00,13.64,13.67,13.62,13.65,22800
2004-08-17 16:00:00-04:00,13.64,13.73,13.64,13.73,34500
2004-08-18 16:00:00-04:00,13.74,13.74,13.67,13.72,45700
2004-08-19 16:00:00-04:00,13.7,13.76,13.69,13.75,34300
2004-08-20 16:00:00-04:00,13.75,13.8,13.71,13.74,66000
2004-08-23 16:00:00-04:00,13.78,13.78,13.74,13.78,24400
2004-08-24 16:00:00-04:00,13.75,13.8,13.74,13.8,39700
2004-08-25 16:00:00-04:00,13.77,13.82,13.75,13.81,40600
2004-08-26 16:00:00-04:00,13.83,13.83,13.78,13.81,24200
2004-08-27 16:00:00-04:00,13.84,13.84,13.75,13.84,35400
2004-08-30 16:00:00-04:00,13.85,13.91,13.84,13.91,21300
2004-08-31 16:00:00-04:00,13.95,13.96,13.9,13.95,31600
2004-09-01 16:00:00-04:00,13.98,13.98,13.92,13.97,54500
2004-09-02 16:00:00-04:00,13.97,14.0,13.89,13.99,41900
2004-09-03 16:00:00-04:00,13.98,13.98,13.78,13.88,88600
2004-09-07 16:00:00-04:00,13.9,14.0,13.89,13.95,38200
2004-09-08 16:00:00-04:00,13.89,13.96,13.89,13.93,29900
2004-09-09 16:00:00-04:00,13.95,13.97,13.85,13.85,49500
2004-09-10 16:00:00-04:00,13.89,13.94,13.85,13.92,19500
2004-09-13 16:00:00-04:00,14.0,14.0,13.86,13.88,33800
2004-09-14 16:00:00-04:00,13.98,13.99,13.9,13.98,47600
2004-09-15 16:00:00-04:00,14.01,14.02,13.99,13.99,30600
2004-09-16 16:00:00-04:00,14.05,14.1,14.02,14.06,31400
2004-09-17 16:00:00-04:00,14.06,14.1,14.04,14.07,62400
2004-09-20 16:00:00-04:00,14.08,14.14,14.06,14.1,51200
2004-09-21 16:00:00-04:00,14.14,14.14,14.09,14.1,44500
2004-09-22 16:00:00-04:00,14.12,14.13,14.09,14.12,19400
2004-09-23 16:00:00-04:00,14.12,14.13,14.1,14.12,41800
2004-09-24 16:00:00-04:00,14.1,14.12,14.08,14.08,48500
2004-09-27 16:00:00-04:00,14.09,14.1,14.03,14.05,46900
2004-09-28 16:00:00-04:00,14.08,14.09,13.99,13.99,45400
2004-09-29 16:00:00-04:00,14.0,14.0,13.87,13.91,54100
2004-09-30 16:00:00-04:00,13.9,13.92,13.72,13.74,79000
2004-10-01 16:00:00-04:00,13.8,13.84,13.74,13.8,59200
2004-10-04 16:00:00-04:00,13.89,13.9,13.82,13.84,55800
2004-10-05 16:00:00-04:00,13.76,13.89,13.76,13.87,56500
2004-10-06 16:00:00-04:00,13.94,13.94,13.86,13.87,21500
2004-10-07 16:00:00-04:00,13.87,13.91,13.83,13.86,27600
2004-10-08 16:00:00-04:00,13.88,13.98,13.88,13.96,26000
2004-10-11 16:00:00-04:00,13.98,14.0,13.95,13.96,42000
2004-10-12 16:00:00-04:00,14.02,14.08,14.0,14.08,57900
2004-10-13 16:00:00-04:00,14.02,14.06,14.0,14.06,39800
2004-10-14 16:00:00-04:00,14.06,14.12,14.04,14.11,30800
2004-10-15 16:00:00-04:00,14.13,14.13,14.04,14.06,23500
2004-10-18 16:00:00-04:00,14.07,14.14,14.06,14.07,45200
2004-10-19 16:00:00-04:00,14.06,14.11,14.06,14.1,15700
2004-10-20 16:00:00-04:00,14.12,14.13,14.08,14.1,22100
2004-10-21 16:00:00-04:00,14.11,14.18,14.08,14.14,53400
2004-10-22 16:00:00-04:00,14.16,14.18,14.12,14.16,34700
2004-10-25 16:00:00-04:00,14.17,14.2,14.13,14.19,36400
2004-10-26 16:00:00-04:00,14.18,14.19,14.14,14.16,35800
2004-10-27 16:00:00-04:00,14.17,14.17,14.11,14.12,26500
2004-10-28 16:00:00-04:00,14.14,14.14,14.05,14.09,48700
2004-10-29 16:00:00-04:00,14.04,14.12,14.04,14.11,11900
2004-11-01 16:00:00-05:00,14.15,14.24,14.1,14.2,39300
2004-11-02 16:00:00-05:00,14.2,14.3,14.2,14.3,50500
2004-11-03 16:00:00-05:00,14.4,14.4,14.3,14.34,33600
2004-11-04 16:00:00-05:00,14.36,14.37,14.3,14.37,24000
2004-11-05 16:00:00-05:00,14.37,14.37,14.15,14.16,76400
2004-11-08 16:00:00-05:00,14.17,14.17,13.9,13.96,60400
2004-11-09 16:00:00-05:00,13.8,13.87,13.8,13.83,29900
2004-11-10 16:00:00-05:00,13.9,13.95,13.82,13.91,31900
2004-11-11 16:00:00-05:00,13.9,13.95,13.72,13.79,144900
2004-11-12 16:00:00-05:00,13.83,13.84,13.78,13.78,48000
2004-11-15 16:00:00-05:00,13.82,13.82,13.73,13.75,91100
2004-11-16 16:00:00-05:00,13.78,13.87,13.78,13.87,63400
2004-11-17 16:00:00-05:00,13.88,13.98,13.88,13.96,39300
2004-11-18 16:00:00-05:00,13.93,13.94,13.9,13.93,31000
2004-11-19 16:00:00-05:00,13.9,13.91,13.83,13.9,94100
2004-11-22 16:00:00-05:00,13.9,13.9,13.81,13.87,35200
2004-11-23 16:00:00-05:00,13.87,13.87,13.75,13.79,65100
2004-11-24 16:00:00-05:00,13.74,13.8,13.73,13.77,32700
2004-11-26 16:00:00-05:00,13.78,13.81,13.77,13.81,31200
2004-11-29 16:00:00-05:00,13.81,13.81,13.71,13.74,60600
2004-11-30 16:00:00-05:00,13.8,13.81,13.74,13.75,56700
2004-12-01 16:00:00-05:00,13.78,13.86,13.77,13.8,53200
2004-12-02 16:00:00-05:00,13.79,13.84,13.76,13.79,67900
2004-12-03 16:00:00-05:00,13.81,14.0,13.81,13.98,44900
2004-12-06 16:00:00-05:00,14.0,14.01,13.95,13.97,57000
2004-12-07 16:00:00-05:00,14.01,14.05,14.01,14.05,29100
2004-12-08 16:00:00-05:00,14.05,14.09,14.03,14.07,38600
2004-12-09 16:00:00-05:00,14.1,14.1,13.99,14.0,38700
2004-12-10 16:00:00-05:00,14.05,14.12,14.03,14.05,81100
2004-12-13 16:00:00-05:00,14.12,14.12,13.99,14.04,77100
2004-12-14 16:00:00-05:00,14.05,14.05,13.97,14.0,40300
2004-12-15 16:00:00-05:00,13.85,13.92,13.82,13.82,92500
2004-12-16 16:00:00-05:00,13.8,13.82,13.8,13.8,24200
2004-12-17 16:00:00-05:00,13.85,13.85,13.79,13.8,64200
2004-12-20 16:00:00-05:00,13.82,13.85,13.77,13.8,56400
2004-12-21 16:00:00-05:00,13.8,13.85,13.75,13.81,73500
2004-12-22 16:00:00-05:00,13.81,13.81,13.69,13.7,104100
2004-12-23 16:00:00-05:00,13.76,13.8,13.75,13.75,69700
2004-12-27 16:00:00-05:00,13.78,13.8,13.75,13.8,66600
2004-12-28 16:00:00-05:00,13.79,13.88,13.72,13.83,97100
2004-12-29 16:00:00-05:00,13.88,13.88,13.81,13.84,39500
2004-12-30 16:00:00-05:00,13.85,13.86,13.83,13.84,18800
2004-12-31 16:00:00-05:00,13.86,13.86,13.81,13.85,57300
2005-01-03 16:00:00-05:00,13.85,13.97,13.85,13.88,32000
2005-01-04 16:00:00-05:00,13.95,13.95,13.85,13.89,29800
2005-01-05 16:00:00-05:00,13.89,14.04,13.88,14.0,77400
2005-01-06 16:00:00-05:00,14.11,14.14,14.01,14.1,56400
2005-01-07 16:00:00-05:00,14.12,14.15,14.08,14.15,79200
2005-01-10 16:00:00-05:00,14.12,14.2,14.12,14.16,66200
2005-01-11 16:00:00-05:00,14.16,14.2,14.12,14.2,58900
2005-01-12 16:00:00-05:00,14.2,14.2,14.08,14.14,21900
2005-01-13 16:00:00-05:00,14.22,14.22,14.19,14.19,24200
2005-01-14 16:00:00-05:00,14.17,14.2,14.12,14.15,29700
2005-01-18 16:00:00-05:00,14.22,14.29,14.17,14.29,30800
2005-01-19 16:00:00-05:00,14.29,14.3,14.21,14.27,59300
2005-01-20 16:00:00-05:00,14.18,14.3,14.18,14.22,46400
2005-01-21 16:00:00-05:00,14.26,14.29,14.22,14.28,30800
2005-01-24 16:00:00-05:00,14.26,14.29,14.2,14.22,56600
2005-01-25 16:00:00-05:00,14.2,14.26,14.19,14.19,49400
2005-01-26 16:00:00-05:00,14.24,14.29,14.21,14.25,69200
2005-01-27 16:00:00-05:00,14.25,14.32,14.25,14.31,74700
2005-01-28 16:00:00-05:00,14.32,14.34,14.28,14.33,31000
2005-01-31 16:00:00-05:00,14.35,14.38,14.32,14.36,39900
2005-02-01 16:00:00-05:00,14.38,14.42,14.35,14.37,47400
2005-02-02 16:00:00-05:00,14.38,14.49,14.37,14.4,80100
2005-02-03 16:00:00-05:00,14.44,14.48,14.4,14.48,43600
2005-02-04 16:00:00-05:00,14.48,14.52,14.42,14.48,50200
2005-02-07 16:00:00-05:00,14.53,14.53,14.46,14.5,68600
2005-02-08 16:00:00-05:00,14.5,14.52,14.4,14.4,52000
2005-02-09 16:00:00-05:00,14.35,14.38,14.25,14.28,97800
2005-02-10 16:00:00-05:00,14.31,14.32,14.24,14.26,66500
2005-02-11 16:00:00-05:00,14.23,14.3,14.23,14.24,76700
2005-02-14 16:00:00-05:00,14.3,14.31,14.29,14.31,30300
2005-02-15 16:00:00-05:00,14.3,14.44,14.3,14.44,119900
2005-02-16 16:00:00-05:00,14.44,14.46,14.33,14.34,47100
2005-02-17 16:00:00-05:00,14.3,14.35,14.3,14.32,46800
2005-02-18 16:00:00-05:00,14.32,14.32,14.13,14.14,95200
2005-02-22 16:00:00-05:00,14.18,14.2,14.06,14.12,40900
2005-02-23 16:00:00-05:00,14.14,14.24,14.14,14.18,49300
2005-02-24 16:00:00-05:00,14.18,14.34,14.18,14.32,39200
2005-02-25 16:00:00-05:00,14.3,14.4,14.29,14.38,48700
2005-02-28 16:00:00-05:00,14.39,14.5,14.38,14.4,47800
2005-03-01 16:00:00-05:00,14.4,14.45,14.33,14.37,130400
2005-03-02 16:00:00-05:00,14.4,14.48,14.36,14.36,48800
2005-03-03 16:00:00-05:00,14.38,14.47,14.38,14.4,77400
2005-03-04 16:00:00-05:00,14.45,14.5,14.43,14.46,66900
2005-03-07 16:00:00-05:00,14.5,14.52,14.48,14.5,44000
2005-03-08 16:00:00-05:00,14.5,14.54,14.43,14.44,77300
2005-03-09 16:00:00-05:00,14.34,14.4,14.17,14.17,94000
2005-03-10 16:00:00-05:00,14.22,14.26,14.17,14.19,61900
2005-03-11 16:00:00-05:00,14.19,14.22,14.09,14.2,46200
2005-03-14 16:00:00-05:00,14.2,14.24,14.1,14.15,107600
2005-03-15 16:00:00-05:00,14.15,14.16,14.08,14.1,37900
2005-03-16 16:00:00-05:00,14.08,14.13,14.06,14.09,86800
2005-03-17 16:00:00-05:00,14.06,14.15,14.06,14.14,71300
2005-03-18 16:00:00-05:00,14.17,14.2,14.1,14.2,127000
2005-03-21 16:00:00-05:00,14.19,14.2,14.11,14.13,71900
2005-03-22 16:00:00-05:00,14.19,14.2,14.08,14.1,81200
2005-03-23 16:00:00-05:00,14.06,14.18,14.0,14.06,131200
2005-03-24 16:00:00-05:00,14.09,14.15,14.05,14.12,56100
2005-03-28 16:00:00-05:00,14.05,14.09,13.9,13.91,90400
2005-03-29 16:00:00-05:00,13.94,14.07,13.94,14.0,59300
2005-03-30 16:00:00-05:00,14.0,14.06,13.98,14.0,33100
2005-03-31 16:00:00-05:00,14.08,14.16,14.07,14.12,48400
2005-04-01 16:00:00-05:00,14.22,14.28,14.11,14.14,45400
2005-04-04 16:00:00-04:00,14.13,14.27,14.13,14.27,59700
2005-04-05 16:00:00-04:00,14.24,14.26,14.21,14.21,17700
2005-04-06 16:00:00-04:00,14.27,14.32,14.23,14.31,52200
2005-04-07 16:00:00-04:00,14.26,14.27,14.19,14.21,49500
2005-04-08 16:00:00-04:00,14.24,14.26,14.18,14.18,23200
2005-04-11 16:00:00-04:00,14.22,14.22,14.15,14.2,60600
2005-04-12 16:00:00-04:00,14.2,14.26,14.2,14.26,45400
2005-04-13 16:00:00-04:00,14.16,14.19,14.11,14.11,70800
2005-04-14 16:00:00-04:00,14.1,14.2,14.1,14.19,119100
2005-04-15 16:00:00-04:00,14.21,14.23,14.18,14.2,64100
2005-04-18 16:00:00-04:00,14.17,14.39,14.17,14.39,116500
2005-04-19 16:00:00-04:00,14.39,14.5,14.37,14.49,69900
2005-04-20 16:00:00-04:00,14.45,14.53,14.45,14.48,37600
2005-04-21 16:00:00-04:00,14.5,14.5,14.36,14.42,52500
2005-04-22 16:00:00-04:00,14.45,14.48,14.38,14.45,33700
2005-04-25 16:00:00-04:00,14.5,14.5,14.43,14.43,15500
2005-04-26 16:00:00-04:00,14.46,14.47,14.41,14.46,24600
2005-04-27 16:00:00-04:00,14.4,14.47,14.3815,14.43,18400
2005-04-28 16:00:00-04:00,14.43,14.52,14.42,14.5,72000
2005-04-29 16:00:00-04:00,14.51,14.53,14.42,14.47,98400
2005-05-02 16:00:00-04:00,14.52,14.52,14.41,14.48,49700
2005-05-03 16:00:00-04:00,14.49,14.53,14.44,14.51,54300
2005-05-04 16:00:00-04:00,14.53,14.54,14.51,14.54,54300
2005-05-05 16:00:00-04:00,14.47,14.6,14.47,14.6,59700
2005-05-06 16:00:00-04:00,14.58,14.59,14.51,14.54,47200
2005-05-09 16:00:00-04:00,14.58,14.65,14.56,14.57,42900
2005-05-10 16:00:00-04:00,14.65,14.69,14.55,14.6,85200
2005-05-11 16:00:00-04:00,14.53,14.59,14.5,14.55,41500
2005-05-12 16:00:00-04:00,14.52,14.73,14.52,14.67,64900
2005-05-13 16:00:00-04:00,14.68,14.78,14.65,14.78,139800
2005-05-16 16:00:00-04:00,14.78,14.8,14.7,14.8,105200
2005-05-17 16:00:00-04:00,14.76,14.84,14.7,14.84,78700
2005-05-18 16:00:00-04:00,14.74,14.89,14.74,14.82,77500
2005-05-19 16:00:00-04:00,14.82,14.89,14.78,14.79,77400
2005-05-20 16:00:00-04:00,14.82,14.86,14.79,14.8,35700
2005-05-23 16:00:00-04:00,14.82,14.9,14.82,14.9,61900
2005-05-24 16:00:00-04:00,14.9,14.9,14.76,14.76,80600
2005-05-25 16:00:00-04:00,14.76,14.8,14.69,14.72,65500
2005-05-26 16:00:00-04:00,14.7,14.74,14.6,14.65,39100
2005-05-27 16:00:00-04:00,14.7,14.75,14.69,14.75,21400
2005-05-31 16:00:00-04:00,14.75,14.87,14.7406,14.85,52400
2005-06-01 16:00:00-04:00,14.88,14.9,14.78,14.83,59100
2005-06-02 16:00:00-04:00,14.79,14.84,14.77,14.8,54500
2005-06-03 16:00:00-04:00,14.77,14.91,14.77,14.82,120600
2005-06-06 16:00:00-04:00,14.83,14.87,14.79,14.86,19900
2005-06-07 16:00:00-04:00,14.85,14.95,14.84,14.85,47300
2005-06-08 16:00:00-04:00,14.79,14.804,14.75,14.77,40400
2005-06-09 16:00:00-04:00,14.75,14.78,14.71,14.75,36000
2005-06-10 16:00:00-04:00,14.68,14.75,14.65,14.67,48000
2005-06-13 16:00:00-04:00,14.67,14.71,14.64,14.66,43100
2005-06-14 16:00:00-04:00,14.65,14.77,14.6081,14.77,37000
2005-06-15 16:00:00-04:00,14.77,14.7727,14.62,14.65,63800
2005-06-16 16:00:00-04:00,14.62,14.65,14.6,14.6,66400
2005-06-17 16:00:00-04:00,14.57,14.64,14.57,14.6,84400
2005-06-20 16:00:00-04:00,14.6,14.62,14.48,14.53,111800
2005-06-21 16:00:00-04:00,14.53,14.58,14.53,14.57,96100
2005-06-22 16:00:00-04:00,14.55,14.6,14.53,14.59,53100
2005-06-23 16:00:00-04:00,14.57,14.6,14.52,14.57,67600
2005-06-24 16:00:00-04:00,14.57,14.66,14.57,14.65,56400
2005-06-27 16:00:00-04:00,14.62,14.69,14.62,14.67,36600
2005-06-28 16:00:00-04:00,14.68,14.75,14.68,14.75,70100
2005-06-29 16:00:00-04:00,14.75,14.93,14.7,14.82,68300
2005-06-30 16:00:00-04:00,14.76,14.93,14.76,14.89,73600
2005-07-01 16:00:00-04:00,14.89,14.93,14.86,14.9,54100
2005-07-05 16:00:00-04:00,14.89,14.94,14.8,14.86,65700
2005-07-06 16:00:00-04:00,14.9,14.92,14.86,14.89,38900
2005-07-07 16:00:00-04:00,14.89,14.93,14.88,14.91,54500
2005-07-08 16:00:00-04:00,14.86,14.97,14.86,14.943,59700
2005-07-11 16:00:00-04:00,14.95,14.9609,14.88,14.88,75800
2005-07-12 16:00:00-04:00,14.89,14.98,14.88,14.93,93800
2005-07-13 16:00:00-04:00,14.86,14.87,14.78,14.83,100900
2005-07-14 16:00:00-04:00,14.82,14.8755,14.82,14.87,38500
2005-07-15 16:00:00-04:00,14.82,14.96,14.82,14.93,75400
2005-07-18 16:00:00-04:00,14.93,14.93,14.83,14.84,52000
2005-07-19 16:00:00-04:00,14.78,14.9,14.776,14.87,46600
2005-07-20 16:00:00-04:00,14.88,14.99,14.88,14.95,58300
2005-07-21 16:00:00-04:00,14.93,14.98,14.91,14.96,44200
2005-07-22 16:00:00-04:00,14.98,14.99,14.9336,14.97,20100
2005-07-25 16:00:00-04:00,14.93,15.01,14.92,14.95,59500
2005-07-26 16:00:00-04:00,15.05,15.09,15.02,15.03,47400
2005-07-27 16:00:00-04:00,15.04,15.14,15.018,15.14,44200
2005-07-28 16:00:00-04:00,15.17,15.2,15.11,15.18,33900
2005-07-29 16:00:00-04:00,15.13,15.21,15.13,15.17,63500
2005-08-01 16:00:00-04:00,15.19,15.21,15.09,15.12,56600
2005-08-02 16:00:00-04:00,15.13,15.16,15.09,15.09,52600
2005-08-03 16:00:00-04:00,15.08,15.17,15.08,15.11,37400
2005-08-04 16:00:00-04:00,15.11,15.17,15.11,15.15,45000
2005-08-05 16:00:00-04:00,15.13,15.17,15.06,15.14,66400
2005-08-08 16:00:00-04:00,15.07,15.16,15.05,15.11,64700
2005-08-09 16:00:00-04:00,15.07,15.14,15.0,15.11,46400
2005-08-10 16:00:00-04:00,15.15,15.15,15.09,15.1,53800
2005-08-11 16:00:00-04:00,15.07,15.17,15.02,15.05,59300
2005-08-12 16:00:00-04:00,15.08,15.18,15.08,15.1,53700
2005-08-15 16:00:00-04:00,15.1,15.17,15.05,15.09,45300
2005-08-16 16:00:00-04:00,15.09,15.14,15.06,15.12,29300
2005-08-17 16:00:00-04:00,15.1,15.18,15.08,15.09,58400
2005-08-18 16:00:00-04:00,15.15,15.18,15.11,15.13,24900
2005-08-19 16:00:00-04:00,15.11,15.18,15.1054,15.15,19200
2005-08-22 16:00:00-04:00,15.11,15.21,15.11,15.21,19100
2005-08-23 16:00:00-04:00,15.16,15.27,15.1554,15.23,42400
2005-08-24 16:00:00-04:00,15.27,15.29,15.19,15.2,32200
2005-08-25 16:00:00-04:00,15.3,15.32,15.2218,15.25,53300
2005-08-26 16:00:00-04:00,15.24,15.25,15.16,15.22,54600
2005-08-29 16:00:00-04:00,15.28,15.3,15.19,15.19,43500
2005-08-30 16:00:00-04:00,15.2,15.27,15.19,15.19,34700
2005-08-31 16:00:00-04:00,15.21,15.27,15.18,15.25,51900
2005-09-01 16:00:00-04:00,15.3,15.39,15.25,15.35,58400
2005-09-02 16:00:00-04:00,15.32,15.47,15.32,15.45,35600
2005-09-06 16:00:00-04:00,15.45,15.54,15.45,15.51,56100
2005-09-07 16:00:00-04:00,15.5,15.58,15.46,15.48,73600
2005-09-08 16:00:00-04:00,15.5,15.57,15.43,15.46,91300
2005-09-09 16:00:00-04:00,15.45,15.48,15.3,15.46,59900
2005-09-12 16:00:00-04:00,15.47,15.59,15.46,15.52,64400
2005-09-13 16:00:00-04:00,15.55,15.6637,15.45,15.51,101800
2005-09-14 16:00:00-04:00,15.5,15.5,15.3,15.31,76700
2005-09-15 16:00:00-04:00,15.3,15.4,15.2,15.23,97200
2005-09-16 16:00:00-04:00,15.22,15.29,15.17,15.17,36600
2005-09-19 16:00:00-04:00,15.2,15.26,15.19,15.23,36000
2005-09-20 16:00:00-04:00,15.19,15.27,15.14,15.27,61400
2005-09-21 16:00:00-04:00,15.25,15.33,15.21,15.21,48300
2005-09-22 16:00:00-04:00,15.2,15.21,15.07,15.11,70100
2005-09-23 16:00:00-04:00,15.15,15.15,14.97,14.99,82300
2005-09-26 16:00:00-04:00,14.99,15.08,14.98,15.0,44500
2005-09-27 16:00:00-04:00,15.05,15.05,14.91,14.95,62900
2005-09-28 16:00:00-04:00,14.95,15.05,14.95,15.01,52900
2005-09-29 16:00:00-04:00,15.02,15.12,15.01,15.05,35900
2005-09-30 16:00:00-04:00,15.0,15.14,15.0,15.11,56000
2005-10-03 16:00:00-04:00,15.25,15.25,15.11,15.18,31300
2005-10-04 16:00:00-04:00,15.12,15.24,15.12,15.2,27400
2005-10-05 16:00:00-04:00,15.22,15.24,15.15,15.24,43800
2005-10-06 16:00:00-04:00,15.25,15.25,15.12,15.24,56000
2005-10-07 16:00:00-04:00,15.19,15.25,15.14,15.16,51000
2005-10-10 16:00:00-04:00,15.14,15.19,15.13,15.19,11100
2005-10-11 16:00:00-04:00,15.18,15.19,15.09,15.09,77400
2005-10-12 16:00:00-04:00,15.09,15.1,14.86,14.86,98000
2005-10-13 16:00:00-04:00,14.85,14.91,14.5,14.52,110300
2005-10-14 16:00:00-04:00,14.75,14.75,14.1,14.43,295400
2005-10-17 16:00:00-04:00,14.33,14.5,14.33,14.47,60300
2005-10-18 16:00:00-04:00,14.45,14.47,14.2,14.37,99200
2005-10-19 16:00:00-04:00,14.35,14.42,14.25,14.27,88600
2005-10-20 16:00:00-04:00,14.29,14.42,14.29,14.42,46900
2005-10-21 16:00:00-04:00,14.43,14.57,14.37,14.57,61300
2005-10-24 16:00:00-04:00,14.66,14.74,14.57,14.74,52100
2005-10-25 16:00:00-04:00,14.7,14.76,14.65,14.65,55100
2005-10-26 16:00:00-04:00,14.66,14.66,14.47,14.55,59000
2005-10-27 16:00:00-04:00,14.46,14.67,14.46,14.67,47600
2005-10-28 16:00:00-04:00,14.66,14.77,14.65,14.77,37500
2005-10-31 16:00:00-05:00,14.85,14.85,14.8,14.83,35700
2005-11-01 16:00:00-05:00,14.9,14.9,14.84,14.9,27100
2005-11-02 16:00:00-05:00,14.9,14.9,14.81,14.84,44900
2005-11-03 16:00:00-05:00,14.83,14.9,14.8,14.87,43500
2005-11-04 16:00:00-05:00,14.8,14.88,14.7801,14.85,37300
2005-11-07 16:00:00-05:00,14.9,14.99,14.86,14.91,58700
2005-11-08 16:00:00-05:00,14.93,15.0,14.89,14.92,43000
2005-11-09 16:00:00-05:00,14.98,14.98,14.8401,14.88,51900
2005-11-10 16:00:00-05:00,14.8,14.8964,14.8,14.88,31400
2005-11-11 16:00:00-05:00,14.86,15.0,14.84,14.95,43200
2005-11-14 16:00:00-05:00,14.9,14.99,14.8,14.91,55300
2005-11-15 16:00:00-05:00,14.81,14.96,14.81,14.96,54500
2005-11-16 16:00:00-05:00,14.88,14.99,14.83,14.88,52600
2005-11-17 16:00:00-05:00,14.98,15.1,14.8617,15.07,41400
2005-11-18 16:00:00-05:00,15.1,15.18,15.01,15.02,49200
2005-11-21 16:00:00-05:00,14.95,15.14,14.9,15.03,30700
2005-11-22 16:00:00-05:00,15.0,15.17,15.0,15.1,19700
2005-11-23 16:00:00-05:00,15.25,15.25,15.15,15.24,16000
2005-11-25 16:00:00-05:00,15.16,15.29,15.16,15.28,7400
2005-11-28 16:00:00-05:00,15.27,15.39,15.23,15.24,45800
2005-11-29 16:00:00-05:00,15.15,15.21,15.1,15.17,44400
2005-11-30 16:00:00-05:00,15.17,15.23,15.15,15.15,49600
2005-12-01 16:00:00-05:00,15.15,15.32,15.0,15.17,43800
2005-12-02 16:00:00-05:00,15.18,15.23,15.0,15.12,53800
2005-12-05 16:00:00-05:00,15.11,15.25,15.11,15.22,29000
2005-12-06 16:00:00-05:00,15.13,15.29,15.13,15.28,46700
2005-12-07 16:00:00-05:00,15.25,15.28,15.12,15.13,30500
2005-12-08 16:00:00-05:00,15.16,15.22,15.14,15.17,21500
2005-12-09 16:00:00-05:00,15.18,15.25,15.05,15.13,47500
2005-12-12 16:00:00-05:00,15.1,15.18,15.07,15.15,43800
2005-12-13 16:00:00-05:00,15.17,15.19,15.1,15.12,18200
2005-12-14 16:00:00-05:00,15.11,15.11,14.98,15.0,112500
2005-12-15 16:00:00-05:00,15.08,15.09,14.95,14.97,59900
2005-12-16 16:00:00-05:00,14.98,15.07,14.97,14.99,63200
2005-12-19 16:00:00-05:00,15.05,15.11,14.99,15.05,31400
2005-12-20 16:00:00-05:00,15.01,15.18,15.01,15.11,27800
2005-12-21 16:00:00-05:00,15.11,15.35,15.0712,15.23,75100
2005-12-22 16:00:00-05:00,15.29,15.4,15.25,15.37,26600
2005-12-23 16:00:00-05:00,15.4,15.42,15.33,15.38,13000
2005-12-27 16:00:00-05:00,15.41,15.58,15.34,15.38,43700
2005-12-28 16:00:00-05:00,15.4,15.68,15.3232,15.68,41800
2005-12-29 16:00:00-05:00,15.61,15.65,15.5575,15.65,19600
2005-12-30 16:00:00-05:00,15.55,15.7799,15.55,15.72,39000
2006-01-03 16:00:00-05:00,15.75,15.8,15.65,15.68,83200
2006-01-04 16:00:00-05:00,15.7,15.8,15.68,15.68,47900
2006-01-05 16:00:00-05:00,15.65,15.75,15.65,15.67,19800
2006-01-06 16:00:00-05:00,15.52,15.75,15.52,15.66,53100
2006-01-09 16:00:00-05:00,15.7,15.77,15.65,15.74,45200
2006-01-10 16:00:00-05:00,15.75,15.79,15.7,15.75,37800
2006-01-11 16:00:00-05:00,15.7,15.727,15.59,15.62,42000
2006-01-12 16:00:00-05:00,15.62,15.68,15.45,15.48,45700
2006-01-13 16:00:00-05:00,15.4,15.52,15.4,15.5,58200
2006-01-17 16:00:00-05:00,15.5,15.52,15.45,15.47,37400
2006-01-18 16:00:00-05:00,15.51,15.55,15.4572,15.466,34600
2006-01-19 16:00:00-05:00,15.61,15.62,15.53,15.62,46400
2006-01-20 16:00:00-05:00,15.65,15.75,15.55,15.58,49100
2006-01-23 16:00:00-05:00,15.75,15.8,15.646,15.75,41700
2006-01-24 16:00:00-05:00,15.78,15.8776,15.76,15.76,39600
2006-01-25 16:00:00-05:00,15.79,15.8,15.6,15.7,88000
2006-01-26 16:00:00-05:00,15.75,15.78,15.66,15.75,70000
2006-01-27 16:00:00-05:00,15.85,15.932,15.7,15.75,30400
2006-01-30 16:00:00-05:00,15.67,15.73,15.5,15.54,63900
2006-01-31 16:00:00-05:00,15.64,15.66,15.52,15.59,44600
2006-02-01 16:00:00-05:00,15.73,15.73,15.5736,15.66,53600
2006-02-02 16:00:00-05:00,15.56,15.6,15.35,15.39,117400
2006-02-03 16:00:00-05:00,15.36,15.39,15.26,15.28,96400
2006-02-06 16:00:00-05:00,15.25,15.27,14.99,15.05,152100
2006-02-07 16:00:00-05:00,15.01,15.04,14.98,15.03,127400
2006-02-08 16:00:00-05:00,15.0,15.08,14.96,15.0,106300
2006-02-09 16:00:00-05:00,14.98,15.04,14.98,15.0,89300
2006-02-10 16:00:00-05:00,15.02,15.03,14.97,14.99,33600
2006-02-13 16:00:00-05:00,15.09,15.1,14.97,14.98,74300
2006-02-14 16:00:00-05:00,14.98,15.11,14.9712,15.02,61700
2006-02-15 16:00:00-05:00,15.01,15.2,15.01,15.1,46100
2006-02-16 16:00:00-05:00,15.2,15.3,15.11,15.21,69900
2006-02-17 16:00:00-05:00,15.16,15.299,15.16,15.25,42200
2006-02-21 16:00:00-05:00,15.35,15.38,15.22,15.38,58300
2006-02-22 16:00:00-05:00,15.4,15.41,15.26,15.26,61300
2006-02-23 16:00:00-05:00,15.3,15.37,15.28,15.3,29300
2006-02-24 16:00:00-05:00,15.38,15.45,15.35,15.45,59000
2006-02-27 16:00:00-05:00,15.45,15.51,15.4248,15.5,46700
2006-02-28 16:00:00-05:00,15.6,15.71,15.53,15.6301,47900
2006-03-01 16:00:00-05:00,15.74,15.75,15.64,15.69,51900
2006-03-02 16:00:00-05:00,15.73,15.73,15.651,15.68,71300
2006-03-03 16:00:00-05:00,15.7,15.7299,15.53,15.54,81400
2006-03-06 16:00:00-05:00,15.53,15.64,15.5024,15.63,75700
2006-03-07 16:00:00-05:00,15.68,15.68,15.55,15.6,70900
2006-03-08 16:00:00-05:00,15.54,15.6,15.51,15.58,38400
2006-03-09 16:00:00-05:00,15.55,15.8,15.55,15.74,49300
2006-03-10 16:00:00-05:00,15.6,15.74,15.58,15.66,42200
2006-03-13 16:00:00-05:00,15.6,15.82,15.5368,15.67,54200
2006-03-14 16:00:00-05:00,15.6,15.65,15.51,15.62,45900
2006-03-15 16:00:00-05:00,15.52,15.65,15.52,15.59,63700
2006-03-16 16:00:00-05:00,15.59,15.6,15.51,15.54,90500
2006-03-17 16:00:00-05:00,15.53,15.59,15.5,15.58,53800
2006-03-20 16:00:00-05:00,15.57,15.65,15.57,15.6,39700
2006-03-21 16:00:00-05:00,15.6,15.65,15.56,15.56,57200
2006-03-22 16:00:00-05:00,15.6,15.66,15.5696,15.58,51300
2006-03-23 16:00:00-05:00,15.57,15.82,15.57,15.82,97100
2006-03-24 16:00:00-05:00,15.8,15.82,15.62,15.78,98300
2006-03-27 16:00:00-05:00,15.73,15.78,15.68,15.7,75700
2006-03-28 16:00:00-05:00,15.7,15.83,15.672,15.83,45700
2006-03-29 16:00:00-05:00,15.81,15.93,15.77,15.84,55000
2006-03-30 16:00:00-05:00,15.84,15.95,15.7932,15.9,32300
2006-03-31 16:00:00-05:00,15.9,15.98,15.85,15.9,40000
2006-04-03 16:00:00-04:00,15.91,15.95,15.84,15.92,34400
2006-04-04 16:00:00-04:00,15.92,16.15,15.91,16.0,43700
2006-04-05 16:00:00-04:00,16.25,16.25,15.92,16.08,65800
2006-04-06 16:00:00-04:00,16.01,16.1,16.0,16.05,41900
2006-04-07 16:00:00-04:00,16.04,16.11,15.92,15.92,43800
2006-04-10 16:00:00-04:00,16.15,16.15,15.76,15.85,49800
2006-04-11 16:00:00-04:00,15.75,15.82,15.63,15.7,52700
2006-04-12 16:00:00-04:00,15.67,15.76,15.67,15.73,19500
2006-04-13 16:00:00-04:00,15.75,15.7912,15.6896,15.75,19400
2006-04-17 16:00:00-04:00,15.8,15.8,15.68,15.8,44300
2006-04-18 16:00:00-04:00,15.75,15.92,15.7,15.85,66300
2006-04-19 16:00:00-04:00,15.75,15.84,15.69,15.74,34000
2006-04-20 16:00:00-04:00,15.75,15.89,15.75,15.86,54900
2006-04-21 16:00:00-04:00,15.8,15.89,15.68,15.82,66700
2006-04-24 16:00:00-04:00,15.75,15.97,15.75,15.84,33700
2006-04-25 16:00:00-04:00,15.8,15.96,15.8,15.95,43100
2006-04-26 16:00:00-04:00,16.05,16.18,15.9,15.95,32500
2006-04-27 16:00:00-04:00,15.95,16.11,15.95,16.01,42600
2006-04-28 16:00:00-04:00,16.0,16.16,15.98,16.0,21200
2006-05-01 16:00:00-04:00,16.0,16.08,15.86,16.0,27000
2006-05-02 16:00:00-04:00,15.99,16.09,15.99,16.02,30600
2006-05-03 16:00:00-04:00,16.01,16.1,16.0084,16.08,32600
2006-05-04 16:00:00-04:00,16.1,16.12,15.98,16.05,57900
2006-05-05 16:00:00-04:00,15.9,16.08,15.9,16.08,31200
2006-05-08 16:00:00-04:00,16.05,16.14,16.01,16.03,68900
2006-05-09 16:00:00-04:00,15.93,16.04,15.85,15.85,63400
2006-05-10 16:00:00-04:00,15.85,15.95,15.72,15.78,45500
2006-05-11 16:00:00-04:00,15.78,15.8128,15.42,15.45,99200
2006-05-12 16:00:00-04:00,15.5,15.52,15.44,15.49,20100
2006-05-15 16:00:00-04:00,15.5,15.52,15.42,15.45,37000
2006-05-16 16:00:00-04:00,15.44,15.6,15.44,15.6,43300
2006-05-17 16:00:00-04:00,15.45,15.55,15.45,15.55,55200
2006-05-18 16:00:00-04:00,15.53,15.6,15.53,15.6,51100
2006-05-19 16:00:00-04:00,15.65,15.65,15.56,15.64,46700
2006-05-22 16:00:00-04:00,15.4,15.6,15.4,15.54,81500
2006-05-23 16:00:00-04:00,15.45,15.6,15.45,15.57,27900
2006-05-24 16:00:00-04:00,15.47,15.48,15.36,15.37,50600
2006-05-25 16:00:00-04:00,15.4,15.65,15.37,15.55,72900
2006-05-26 16:00:00-04:00,15.8,15.8,15.51,15.53,49600
2006-05-30 16:00:00-04:00,15.56,15.64,15.5,15.6,27900
2006-05-31 16:00:00-04:00,15.68,15.68,15.53,15.57,102000
2006-06-01 16:00:00-04:00,15.74,15.92,15.64,15.92,63100
2006-06-02 16:00:00-04:00,16.02,16.02,15.83,15.83,25800
2006-06-05 16:00:00-04:00,15.85,15.93,15.79,15.83,50100
2006-06-06 16:00:00-04:00,15.8,15.95,15.8,15.95,47100
2006-06-07 16:00:00-04:00,15.98,16.0,15.9,16.0,47000
2006-06-08 16:00:00-04:00,15.92,15.96,15.82,15.95,38500
2006-06-09 16:00:00-04:00,15.9,15.95,15.9,15.95,15300
2006-06-12 16:00:00-04:00,15.95,16.06,15.91,16.0,53700
2006-06-13 16:00:00-04:00,16.05,16.06,15.8499,15.85,52400
2006-06-14 16:00:00-04:00,15.81,15.95,15.7584,15.9,38800
2006-06-15 16:00:00-04:00,15.8,15.89,15.78,15.79,29200
2006-06-16 16:00:00-04:00,15.89,15.93,15.76,15.88,27900
2006-06-19 16:00:00-04:00,15.77,15.96,15.77,15.9,18000
2006-06-20 16:00:00-04:00,15.9,16.0,15.8444,15.88,27800
2006-06-21 16:00:00-04:00,15.76,15.92,15.76,15.88,39800
2006-06-22 16:00:00-04:00,15.85,15.9,15.78,15.83,77500
2006-06-23 16:00:00-04:00,15.83,15.94,15.77,15.8,46900
2006-06-26 16:00:00-04:00,15.81,15.93,15.77,15.91,41900
2006-06-27 16:00:00-04:00,15.8,16.08,15.8,15.91,37400
2006-06-28 16:00:00-04:00,15.91,16.0,15.85,15.99,30000
2006-06-29 16:00:00-04:00,16.11,16.11,15.78,15.88,66900
2006-06-30 16:00:00-04:00,15.88,15.99,15.88,15.95,11000
2006-07-03 16:00:00-04:00,16.05,16.13,16.0,16.13,25600
2006-07-05 16:00:00-04:00,16.15,16.15,16.04,16.1,20800
2006-07-06 16:00:00-04:00,16.09,16.14,16.01,16.03,40700
2006-07-07 16:00:00-04:00,16.02,16.25,15.99,15.99,75700
2006-07-10 16:00:00-04:00,15.96,16.03,15.9,15.91,42100
2006-07-11 16:00:00-04:00,15.86,15.95,15.82,15.82,41500
2006-07-12 16:00:00-04:00,15.8,15.93,15.7696,15.92,60600
2006-07-13 16:00:00-04:00,15.86,15.97,15.86,15.9,31300
2006-07-14 16:00:00-04:00,15.86,16.13,15.86,16.13,52200
2006-07-17 16:00:00-04:00,16.21,16.35,16.1512,16.26,102300
2006-07-18 16:00:00-04:00,16.2,16.25,16.16,16.16,29900
2006-07-19 16:00:00-04:00,16.13,16.33,16.13,16.2302,21300
2006-07-20 16:00:00-04:00,16.23,16.28,16.21,16.22,16600
2006-07-21 16:00:00-04:00,16.16,16.29,16.16,16.22,19000
2006-07-24 16:00:00-04:00,16.21,16.3,16.15,16.15,45000
2006-07-25 16:00:00-04:00,16.15,16.27,16.05,16.05,36700
2006-07-26 16:00:00-04:00,16.05,16.2,16.0372,16.17,29700
2006-07-27 16:00:00-04:00,16.19,16.35,16.12,16.35,54400
2006-07-28 16:00:00-04:00,16.35,16.4,16.31,16.33,20800
2006-07-31 16:00:00-04:00,16.35,16.4,16.2,16.37,59300
2006-08-01 16:00:00-04:00,16.4,16.45,16.25,16.25,18500
2006-08-02 16:00:00-04:00,16.26,16.48,16.26,16.43,36800
2006-08-03 16:00:00-04:00,16.44,16.75,16.3568,16.55,55200
2006-08-04 16:00:00-04:00,16.56,16.74,16.56,16.61,72900
2006-08-07 16:00:00-04:00,16.5,16.72,16.3,16.72,52700
2006-08-08 16:00:00-04:00,16.71,16.7399,16.52,16.68,34300
2006-08-09 16:00:00-04:00,16.43,16.6,16.42,16.5,79500
2006-08-10 16:00:00-04:00,16.5,16.69,16.5,16.59,54600
2006-08-11 16:00:00-04:00,16.5,16.78,16.47,16.5,33100
2006-08-14 16:00:00-04:00,16.55,16.68,16.52,16.56,24100
2006-08-15 16:00:00-04:00,16.56,16.72,16.5584,16.69,23100
2006-08-16 16:00:00-04:00,16.71,16.78,16.5,16.7199,37700
2006-08-17 16:00:00-04:00,16.6,16.72,16.56,16.59,36800
2006-08-18 16:00:00-04:00,16.53,16.64,16.5184,16.62,41700
2006-08-21 16:00:00-04:00,16.52,16.74,16.52,16.62,38200
2006-08-22 16:00:00-04:00,16.55,16.82,16.55,16.68,61000
2006-08-23 16:00:00-04:00,16.55,16.65,16.54,16.65,39300
2006-08-24 16:00:00-04:00,16.65,16.65,16.55,16.64,54000
2006-08-25 16:00:00-04:00,16.57,16.6,16.51,16.55,31800
2006-08-28 16:00:00-04:00,16.55,16.62,16.52,16.56,26200
2006-08-29 16:00:00-04:00,16.56,16.65,16.55,16.65,64600
2006-08-30 16:00:00-04:00,16.6,16.67,16.57,16.62,23800
2006-08-31 16:00:00-04:00,16.61,16.68,16.5997,16.6,28300
2006-09-01 16:00:00-04:00,16.7,16.7,16.55,16.59,61100
2006-09-05 16:00:00-04:00,16.56,16.62,16.56,16.59,33800
2006-09-06 16:00:00-04:00,16.6,16.66,16.58,16.58,47000
2006-09-07 16:00:00-04:00,16.55,16.67,16.4884,16.59,26600
2006-09-08 16:00:00-04:00,16.56,16.67,16.56,16.63,27200
2006-09-11 16:00:00-04:00,16.63,16.67,16.57,16.62,21000
2006-09-12 16:00:00-04:00,16.65,16.65,16.59,16.59,32700
2006-09-13 16:00:00-04:00,16.58,16.6699,16.58,16.63,28900
2006-09-14 16:00:00-04:00,16.62,16.67,16.57,16.57,35500
2006-09-15 16:00:00-04:00,16.62,16.66,16.59,16.59,16500
2006-09-18 16:00:00-04:00,16.59,16.65,16.57,16.59,42300
2006-09-19 16:00:00-04:00,16.58,16.63,16.46,16.5,77900
2006-09-20 16:00:00-04:00,16.52,16.6,16.48,16.6,58900
2006-09-21 16:00:00-04:00,16.65,16.73,16.58,16.73,37300
2006-09-22 16:00:00-04:00,16.72,16.95,16.72,16.8799,30900
2006-09-25 16:00:00-04:00,16.87,16.88,16.798,16.85,24300
2006-09-26 16:00:00-04:00,16.85,16.95,16.75,16.91,81600
2006-09-27 16:00:00-04:00,16.95,17.06,16.94,17.02,31700
2006-09-28 16:00:00-04:00,17.0,17.02,16.92,16.95,14300
2006-09-29 16:00:00-04:00,16.93,17.04,16.93,16.94,19200
2006-10-02 16:00:00-04:00,16.98,17.08,16.9508,16.97,17700
2006-10-03 16:00:00-04:00,17.04,17.08,16.92,16.92,79200
2006-10-04 16:00:00-04:00,16.91,16.9765,16.88,16.9,43500
2006-10-05 16:00:00-04:00,16.96,16.96,16.8748,16.93,10800
2006-10-06 16:00:00-04:00,16.94,17.01,16.86,16.99,27500
2006-10-09 16:00:00-04:00,17.08,17.08,16.963,17.0,28300
2006-10-10 16:00:00-04:00,16.95,17.0,16.8901,16.98,31500
2006-10-11 16:00:00-04:00,16.96,16.96,16.81,16.84,55200
2006-10-12 16:00:00-04:00,16.87,16.87,16.6,16.6,79000
2006-10-13 16:00:00-04:00,16.58,16.63,16.42,16.42,47400
2006-10-16 16:00:00-04:00,16.35,16.55,16.35,16.46,26300
2006-10-17 16:00:00-04:00,16.49,16.56,16.45,16.5001,44300
2006-10-18 16:00:00-04:00,16.52,16.62,16.26,16.6,37800
2006-10-19 16:00:00-04:00,16.65,16.65,16.49,16.57,40900
2006-10-20 16:00:00-04:00,16.47,16.72,16.47,16.68,42600
2006-10-23 16:00:00-04:00,16.7,16.71,16.62,16.71,32800
2006-10-24 16:00:00-04:00,16.7,16.75,16.7,16.71,27000
2006-10-25 16:00:00-04:00,16.71,16.81,16.6772,16.75,37300
2006-10-26 16:00:00-04:00,16.75,16.8,16.7,16.7501,29200
2006-10-27 16:00:00-04:00,16.8,16.85,16.8,16.82,50400
2006-10-30 16:00:00-05:00,16.89,16.9,16.8298,16.83,24800
2006-10-31 16:00:00-05:00,16.85,16.97,16.83,16.92,39300
2006-11-01 16:00:00-05:00,16.93,17.05,16.876,17.0,30100
2006-11-02 16:00:00-05:00,16.81,16.95,16.8,16.85,59000
2006-11-03 16:00:00-05:00,16.81,16.84,16.8,16.81,16000
2006-11-06 16:00:00-05:00,16.85,16.86,16.7984,16.8,24600
2006-11-07 16:00:00-05:00,16.8,16.85,16.747,16.78,72600
2006-11-08 16:00:00-05:00,16.76,16.82,16.7196,16.79,25500
2006-11-09 16:00:00-05:00,16.75,16.777,16.61,16.65,48600
2006-11-10 16:00:00-05:00,16.65,16.75,16.64,16.7,49700
2006-11-13 16:00:00-05:00,16.75,16.8205,16.69,16.7901,48500
2006-11-14 16:00:00-05:00,16.81,16.91,16.78,16.82,30400
2006-11-15 16:00:00-05:00,16.82,16.91,16.76,16.76,31100
2006-11-16 16:00:00-05:00,16.75,16.7501,16.72,16.72,18800
2006-11-17 16:00:00-05:00,16.93,16.93,16.7,16.7,43800
2006-11-20 16:00:00-05:00,16.7,16.78,16.65,16.68,32300
2006-11-21 16:00:00-05:00,16.8,16.85,16.55,16.69,70700
2006-11-22 16:00:00-05:00,16.68,16.75,16.65,16.7,27800
2006-11-24 16:00:00-05:00,16.75,16.85,16.7,16.72,17200
2006-11-27 16:00:00-05:00,16.75,16.85,16.74,16.85,43800
2006-11-28 16:00:00-05:00,16.85,16.97,16.85,16.9,18900
2006-11-29 16:00:00-05:00,16.85,17.03,16.8172,16.91,25000
2006-11-30 16:00:00-05:00,16.92,17.0499,16.83,16.9601,52100
2006-12-01 16:00:00-05:00,17.05,17.1,17.0135,17.05,33000
2006-12-04 16:00:00-05:00,17.04,17.1,17.0,17.0898,32300
2006-12-05 16:00:00-05:00,17.07,17.2299,17.07,17.2,31400
2006-12-06 16:00:00-05:00,17.25,17.33,17.2,17.27,43800
2006-12-07 16:00:00-05:00,17.14,17.25,17.14,17.21,20400
2006-12-08 16:00:00-05:00,17.15,17.28,17.15,17.23,15600
2006-12-11 16:00:00-05:00,17.2,17.34,17.2,17.33,18500
2006-12-12 16:00:00-05:00,17.53,17.53,17.09,17.22,69900
2006-12-13 16:00:00-05:00,17.3,17.34,17.21,17.21,38200
2006-12-14 16:00:00-05:00,17.46,17.46,17.16,17.16,44000
2006-12-15 16:00:00-05:00,17.16,17.49,17.16,17.42,36000
2006-12-18 16:00:00-05:00,17.49,17.5,17.3901,17.48,34300
2006-12-19 16:00:00-05:00,17.45,17.48,17.4072,17.4625,17200
2006-12-20 16:00:00-05:00,17.4,17.5,17.3596,17.48,16900
2006-12-21 16:00:00-05:00,17.45,17.6,17.4096,17.55,19000
2006-12-22 16:00:00-05:00,17.55,17.63,17.5,17.59,31900
2006-12-26 16:00:00-05:00,17.55,17.72,17.5,17.54,31500
2006-12-27 16:00:00-05:00,17.54,17.697,17.54,17.62,26200
2006-12-28 16:00:00-05:00,17.63,17.82,17.63,17.8,44200
2006-12-29 16:00:00-05:00,17.9,17.96,17.8184,17.96,20700
2007-01-03 16:00:00-05:00,17.9,18.04,16.801,16.82,190200
2007-01-04 16:00:00-05:00,16.75,16.95,16.65,16.68,124200
2007-01-05 16:00:00-05:00,16.65,16.9,16.55,16.89,51500
2007-01-08 16:00:00-05:00,16.84,17.08,16.84,16.91,54000
2007-01-09 16:00:00-05:00,16.87,16.92,16.84,16.9,22400
2007-01-10 16:00:00-05:00,16.87,16.93,16.84,16.89,20200
2007-01-11 16:00:00-05:00,16.85,16.88,16.83,16.831,25600
2007-01-12 16:00:00-05:00,16.84,16.88,16.76,16.78,23400
2007-01-16 16:00:00-05:00,16.73,16.79,16.73,16.77,33700
2007-01-17 16:00:00-05:00,16.8,16.81,16.76,16.77,21600
2007-01-18 16:00:00-05:00,16.79,16.8,16.76,16.76,26300
2007-01-19 16:00:00-05:00,16.79,16.82,16.76,16.8,16800
2007-01-22 16:00:00-05:00,16.75,16.76,16.66,16.68,42600
2007-01-23 16:00:00-05:00,16.65,16.72,16.56,16.6,44800
2007-01-24 16:00:00-05:00,16.59,16.65,16.59,16.62,11800
2007-01-25 16:00:00-05:00,16.64,16.64,16.51,16.59,37000
2007-01-26 16:00:00-05:00,16.57,16.67,16.56,16.67,47600
2007-01-29 16:00:00-05:00,16.7,16.77,16.6501,16.67,27200
2007-01-30 16:00:00-05:00,16.66,16.72,16.66,16.69,10400
2007-01-31 16:00:00-05:00,16.68,16.75,16.65,16.74,29600
2007-02-01 16:00:00-05:00,16.83,16.83,16.74,16.7796,28000
2007-02-02 16:00:00-05:00,16.77,16.8,16.75,16.75,21400
2007-02-05 16:00:00-05:00,16.75,16.78,16.73,16.77,13100
2007-02-06 16:00:00-05:00,16.7,16.82,16.6801,16.82,42300
2007-02-07 16:00:00-05:00,16.82,16.89,16.75,16.87,38400
2007-02-08 16:00:00-05:00,16.75,16.79,16.69,16.7,43800
2007-02-09 16:00:00-05:00,16.73,16.73,16.61,16.64,24300
2007-02-12 16:00:00-05:00,16.64,16.75,16.63,16.68,24200
2007-02-13 16:00:00-05:00,16.68,16.73,16.68,16.68,10300
2007-02-14 16:00:00-05:00,16.65,16.73,16.61,16.72,38200
2007-02-15 16:00:00-05:00,16.67,16.77,16.63,16.66,33900
2007-02-16 16:00:00-05:00,16.68,16.68,16.6,16.6,25100
2007-02-20 16:00:00-05:00,16.59,16.69,16.56,16.5899,33800
2007-02-21 16:00:00-05:00,16.49,16.58,16.22,16.55,50500
2007-02-22 16:00:00-05:00,16.55,16.58,16.49,16.49,20300
2007-02-23 16:00:00-05:00,16.49,16.55,16.44,16.54,21200
2007-02-26 16:00:00-05:00,16.6,16.63,16.5,16.6,22900
2007-02-27 16:00:00-05:00,16.61,16.61,16.45,16.56,45500
2007-02-28 16:00:00-05:00,16.54,16.58,16.49,16.54,20900
2007-03-01 16:00:00-05:00,16.58,16.6,16.5301,16.56,19700
2007-03-02 16:00:00-05:00,16.49,16.659,16.49,16.6,25700
2007-03-05 16:00:00-05:00,16.55,16.65,16.55,16.58,12300
2007-03-06 16:00:00-05:00,16.68,16.8,16.53,16.56,25700
2007-03-07 16:00:00-05:00,16.57,16.69,16.563,16.62,35100
2007-03-08 16:00:00-05:00,16.53,16.59,16.5084,16.58,25900
2007-03-09 16:00:00-05:00,16.55,16.56,16.45,16.46,32500
2007-03-12 16:00:00-04:00,16.51,16.61,16.4896,16.57,38000
2007-03-13 16:00:00-04:00,16.5,16.78,16.5,16.72,36400
2007-03-14 16:00:00-04:00,16.7,16.73,16.68,16.7,43400
2007-03-15 16:00:00-04:00,16.62,16.66,16.55,16.66,56000
2007-03-16 16:00:00-04:00,16.64,16.65,16.5,16.56,37200
2007-03-19 16:00:00-04:00,16.56,16.64,16.5501,16.61,16900
2007-03-20 16:00:00-04:00,16.6,16.79,16.55,16.79,36900
2007-03-21 16:00:00-04:00,16.8,16.87,16.68,16.86,25900
2007-03-22 16:00:00-04:00,16.76,16.88,16.76,16.82,43900
2007-03-23 16:00:00-04:00,16.81,16.854,16.8,16.854,24400
2007-03-26 16:00:00-04:00,16.8,16.95,16.8,16.85,25700
2007-03-27 16:00:00-04:00,16.88,16.99,16.8448,16.9795,24200
2007-03-28 16:00:00-04:00,16.97,17.09,16.946,17.06,33300
2007-03-29 16:00:00-04:00,17.03,17.17,17.03,17.13,12500
2007-03-30 16:00:00-04:00,17.11,17.22,17.08,17.14,34500
2007-04-02 16:00:00-04:00,17.19,17.2,17.06,17.13,25300
2007-04-03 16:00:00-04:00,17.08,17.21,17.08,17.16,58400
2007-04-04 16:00:00-04:00,17.1,17.24,17.1,17.12,30800
2007-04-05 16:00:00-04:00,17.08,17.21,17.08,17.1599,23200
2007-04-09 16:00:00-04:00,17.26,17.26,17.13,17.1999,11500
2007-04-10 16:00:00-04:00,17.18,17.18,17.02,17.08,27500
2007-04-11 16:00:00-04:00,17.11,17.2,17.09,17.16,5900
2007-04-12 16:00:00-04:00,17.19,17.23,17.11,17.19,13300
2007-04-13 16:00:00-04:00,17.19,17.24,17.19,17.24,17400
2007-04-16 16:00:00-04:00,17.2,17.25,17.1872,17.21,18100
2007-04-17 16:00:00-04:00,17.2,17.3,17.2,17.2,33900
2007-04-18 16:00:00-04:00,17.2,17.27,17.1,17.12,29300
2007-04-19 16:00:00-04:00,17.12,17.21,17.12,17.16,19800
2007-04-20 16:00:00-04:00,17.26,17.26,17.16,17.16,20300
2007-04-23 16:00:00-04:00,17.14,17.24,17.13,17.16,22100
2007-04-24 16:00:00-04:00,17.15,17.25,17.12,17.14,28900
2007-04-25 16:00:00-04:00,17.1,17.19,17.05,17.1,51700
2007-04-26 16:00:00-04:00,17.02,17.17,17.02,17.05,32100
2007-04-27 16:00:00-04:00,17.05,17.1,17.026,17.07,12600
2007-04-30 16:00:00-04:00,17.08,17.16,17.08,17.12,13600
2007-05-01 16:00:00-04:00,17.17,17.2,17.1272,17.19,16300
2007-05-02 16:00:00-04:00,17.12,17.26,17.12,17.22,39700
2007-05-03 16:00:00-04:00,17.22,17.26,17.21,17.22,21200
2007-05-04 16:00:00-04:00,17.28,17.37,17.23,17.27,42800
2007-05-07 16:00:00-04:00,17.24,17.4,17.24,17.4,24300
2007-05-08 16:00:00-04:00,17.4,17.4,17.26,17.27,10800
2007-05-09 16:00:00-04:00,17.28,17.28,17.24,17.24,9100
2007-05-10 16:00:00-04:00,17.15,17.26,17.09,17.1399,52700
2007-05-11 16:00:00-04:00,17.09,17.2,17.09,17.12,49800
2007-05-14 16:00:00-04:00,17.11,17.1523,17.1,17.15,32000
2007-05-15 16:00:00-04:00,17.15,17.2,17.1172,17.1899,18500
2007-05-16 16:00:00-04:00,17.21,17.21,17.16,17.16,16500
2007-05-17 16:00:00-04:00,17.16,17.16,17.01,17.03,47400
2007-05-18 16:00:00-04:00,17.06,17.07,16.85,16.86,93800
2007-05-21 16:00:00-04:00,16.9,16.92,16.76,16.82,37400
2007-05-22 16:00:00-04:00,16.87,16.87,16.72,16.74,32100
2007-05-23 16:00:00-04:00,16.74,16.75,16.6,16.67,35700
2007-05-24 16:00:00-04:00,16.72,16.72,16.56,16.56,31300
2007-05-25 16:00:00-04:00,16.56,16.99,16.56,16.57,60000
2007-05-29 16:00:00-04:00,16.61,16.71,16.53,16.53,33500
2007-05-30 16:00:00-04:00,16.54,16.63,16.53,16.53,12500
2007-05-31 16:00:00-04:00,16.54,16.61,16.54,16.61,26600
2007-06-01 16:00:00-04:00,16.63,16.65,16.53,16.54,46300
2007-06-04 16:00:00-04:00,16.54,16.69,16.53,16.66,11900
2007-06-05 16:00:00-04:00,16.52,16.57,16.51,16.55,33200
2007-06-06 16:00:00-04:00,16.55,16.6,16.5,16.54,14000
2007-06-07 16:00:00-04:00,16.42,16.47,16.13,16.25,68500
2007-06-08 16:00:00-04:00,16.18,16.25,16.07,16.18,47300
2007-06-11 16:00:00-04:00,16.1,16.25,16.1,16.15,38700
2007-06-12 16:00:00-04:00,16.1,16.2,15.77,15.77,106500
2007-06-13 16:00:00-04:00,15.75,15.9412,15.75,15.83,29000
2007-06-14 16:00:00-04:00,15.9,16.0,15.83,15.85,25700
2007-06-15 16:00:00-04:00,15.85,16.03,15.84,15.84,27600
2007-06-18 16:00:00-04:00,15.83,15.97,15.83,15.9,16000
2007-06-19 16:00:00-04:00,15.9,16.0,15.68,15.83,42400
2007-06-20 16:00:00-04:00,15.9,15.9,15.5,15.5,70700
2007-06-21 16:00:00-04:00,15.52,15.52,15.33,15.36,47900
2007-06-22 16:00:00-04:00,15.35,15.4101,15.19,15.24,53600
2007-06-25 16:00:00-04:00,15.23,15.34,15.23,15.3,61800
2007-06-26 16:00:00-04:00,15.25,15.36,15.23,15.36,60400
2007-06-27 16:00:00-04:00,15.36,15.41,15.31,15.38,18700
2007-06-28 16:00:00-04:00,15.35,15.48,15.35,15.42,22500
2007-06-29 16:00:00-04:00,15.5,15.53,15.48,15.53,18400
2007-07-02 16:00:00-04:00,15.59,15.6,15.45,15.59,22300
2007-07-03 16:00:00-04:00,15.7,15.7,15.62,15.65,23100
2007-07-05 16:00:00-04:00,15.65,15.65,15.55,15.55,14600
2007-07-06 16:00:00-04:00,15.55,15.55,15.42,15.42,12900
2007-07-09 16:00:00-04:00,15.46,15.52,15.3688,15.52,44900
2007-07-10 16:00:00-04:00,15.42,15.52,15.42,15.48,12600
2007-07-11 16:00:00-04:00,15.33,15.51,15.27,15.33,85200
2007-07-12 16:00:00-04:00,15.24,15.3299,15.17,15.29,75100
2007-07-13 16:00:00-04:00,15.15,15.21,14.94,15.02,93200
2007-07-16 16:00:00-04:00,15.0,15.05,14.75,14.78,145600
2007-07-17 16:00:00-04:00,14.8,14.82,14.78,14.8,49800
2007-07-18 16:00:00-04:00,14.8,14.85,14.76,14.82,49300
2007-07-19 16:00:00-04:00,14.75,14.87,14.75,14.85,48100
2007-07-20 16:00:00-04:00,14.85,15.053,14.8348,14.934,47200
2007-07-23 16:00:00-04:00,14.92,14.932,14.77,14.8,66500
2007-07-24 16:00:00-04:00,14.8,14.89,14.75,14.76,64500
2007-07-25 16:00:00-04:00,14.75,14.8,14.65,14.759,39100
2007-07-26 16:00:00-04:00,14.76,14.87,14.75,14.82,62300
2007-07-27 16:00:00-04:00,14.83,15.02,14.82,15.02,42500
2007-07-30 16:00:00-04:00,14.95,15.06,14.93,15.06,66000
2007-07-31 16:00:00-04:00,15.18,15.21,15.08,15.21,35700
2007-08-01 16:00:00-04:00,15.2,15.25,15.05,15.15,33500
2007-08-02 16:00:00-04:00,14.85,14.85,14.33,14.38,273300
2007-08-03 16:00:00-04:00,14.38,14.67,14.38,14.4,56800
2007-08-06 16:00:00-04:00,14.38,14.43,14.35,14.35,48400
2007-08-07 16:00:00-04:00,14.36,14.43,14.271,14.28,41000
2007-08-08 16:00:00-04:00,14.17,14.33,14.15,14.33,78200
2007-08-09 16:00:00-04:00,14.16,14.34,14.15,14.16,36200
2007-08-10 16:00:00-04:00,14.18,14.19,13.88,13.97,49100
2007-08-13 16:00:00-04:00,13.98,14.0,13.85,13.85,72600
2007-08-14 16:00:00-04:00,13.86,13.954,13.5,13.52,78200
2007-08-15 16:00:00-04:00,13.5,13.5201,13.24,13.36,77000
2007-08-16 16:00:00-04:00,13.3,13.3,12.64,12.95,247500
2007-08-17 16:00:00-04:00,13.1,13.59,13.1,13.59,71800
2007-08-20 16:00:00-04:00,13.75,14.0,13.75,14.0,55900
2007-08-21 16:00:00-04:00,13.92,14.0,13.83,14.0,37900
2007-08-22 16:00:00-04:00,13.97,14.15,13.88,13.99,46600
2007-08-23 16:00:00-04:00,13.92,14.16,13.89,14.15,56800
2007-08-24 16:00:00-04:00,14.25,14.3,14.0,14.01,48600
2007-08-27 16:00:00-04:00,14.02,14.07,14.0,14.01,92900
2007-08-28 16:00:00-04:00,14.01,14.09,13.95,13.95,41800
2007-08-29 16:00:00-04:00,14.05,14.21,14.05,14.17,23100
2007-08-30 16:00:00-04:00,14.1,14.31,14.1,14.25,41800
2007-08-31 16:00:00-04:00,14.35,14.43,14.25,14.38,41800
2007-09-04 16:00:00-04:00,14.35,14.46,14.27,14.35,43000
2007-09-05 16:00:00-04:00,14.4,14.5,14.34,14.38,30900
2007-09-06 16:00:00-04:00,14.51,14.51,14.39,14.45,23600
2007-09-07 16:00:00-04:00,14.35,14.57,14.35,14.44,50800
2007-09-10 16:00:00-04:00,14.28,14.47,14.28,14.34,57800
2007-09-11 16:00:00-04:00,14.38,14.38,14.31,14.37,25300
2007-09-12 16:00:00-04:00,14.49,14.49,14.19,14.249,52700
2007-09-13 16:00:00-04:00,14.2,14.23,14.01,14.01,29900
2007-09-14 16:00:00-04:00,13.98,14.08,13.98,14.02,50000
2007-09-17 16:00:00-04:00,14.06,14.12,14.0,14.07,46200
2007-09-18 16:00:00-04:00,14.17,14.17,14.08,14.1,32900
2007-09-19 16:00:00-04:00,14.2,14.24,13.97,13.97,47500
2007-09-20 16:00:00-04:00,13.9,14.0,13.88,13.88,44200
2007-09-21 16:00:00-04:00,13.97,13.97,13.79,13.9,60300
2007-09-24 16:00:00-04:00,13.85,13.89,13.73,13.82,57900
2007-09-25 16:00:00-04:00,13.88,13.93,13.78,13.84,46100
2007-09-26 16:00:00-04:00,13.89,13.9,13.76,13.88,70000
2007-09-27 16:00:00-04:00,13.91,14.35,13.91,14.07,93700
2007-09-28 16:00:00-04:00,14.15,14.21,14.135,14.1999,21000
2007-10-01 16:00:00-04:00,14.3,14.3,14.1575,14.28,32700
2007-10-02 16:00:00-04:00,14.3,14.3,14.18,14.21,41100
2007-10-03 16:00:00-04:00,14.19,14.32,14.19,14.32,18100
2007-10-04 16:00:00-04:00,14.4,14.42,14.25,14.42,57600
2007-10-05 16:00:00-04:00,14.47,14.47,14.2846,14.38,30400
2007-10-08 16:00:00-04:00,14.37,14.44,14.31,14.38,24100
2007-10-09 16:00:00-04:00,14.38,14.42,14.26,14.28,39000
2007-10-10 16:00:00-04:00,14.29,14.3,14.2301,14.3,22200
2007-10-11 16:00:00-04:00,14.29,14.29,14.19,14.24,42200
2007-10-12 16:00:00-04:00,14.2,14.29,14.15,14.18,46600
2007-10-15 16:00:00-04:00,14.28,14.28,14.1,14.14,26600
2007-10-16 16:00:00-04:00,14.1,14.19,14.09,14.1799,36100
2007-10-17 16:00:00-04:00,14.22,14.27,14.09,14.14,30700
2007-10-18 16:00:00-04:00,14.24,14.24,14.12,14.17,19700
2007-10-19 16:00:00-04:00,14.25,14.25,14.1,14.12,21600
2007-10-22 16:00:00-04:00,14.1,14.25,14.1,14.25,24400
2007-10-23 16:00:00-04:00,14.3,14.3,14.158,14.158,11900
2007-10-24 16:00:00-04:00,14.25,14.33,14.09,14.11,36400
2007-10-25 16:00:00-04:00,14.14,14.14,13.95,13.996,26200
2007-10-26 16:00:00-04:00,13.95,14.02,13.9,13.92,33900
2007-10-29 16:00:00-04:00,14.0,14.04,13.98,14.03,56000
2007-10-30 16:00:00-04:00,13.95,14.03,13.95,14.02,12900
2007-10-31 16:00:00-04:00,14.02,14.03,13.96,13.98,26800
2007-11-01 16:00:00-04:00,13.94,14.0099,13.8503,13.86,45300
2007-11-02 16:00:00-04:00,13.86,14.03,13.86,13.99,23400
2007-11-05 16:00:00-05:00,13.68,13.99,13.68,13.94,21102
2007-11-06 16:00:00-05:00,13.98,13.98,13.89,13.89,41800
2007-11-07 16:00:00-05:00,13.89,13.9,13.83,13.9,40000
2007-11-08 16:00:00-05:00,13.85,13.91,13.74,13.86,38000
2007-11-09 16:00:00-05:00,13.95,13.95,13.68,13.71,36700
2007-11-12 16:00:00-05:00,13.66,13.88,13.61,13.71,33000
2007-11-13 16:00:00-05:00,13.73,13.73,13.55,13.55,65900
2007-11-14 16:00:00-05:00,13.55,13.56,13.03,13.1,144800
2007-11-15 16:00:00-05:00,13.0,13.07,12.92,12.96,99300
2007-11-16 16:00:00-05:00,12.94,13.02,12.93,13.0,42300
2007-11-19 16:00:00-05:00,13.0,13.17,12.97,13.16,65100
2007-11-20 16:00:00-05:00,12.83,13.27,12.66,13.15,114200
2007-11-21 16:00:00-05:00,13.2,13.33,13.2,13.29,43600
2007-11-23 16:00:00-05:00,13.3,13.31,13.27,13.31,10500
2007-11-26 16:00:00-05:00,13.3,13.34,13.2535,13.28,30900
2007-11-27 16:00:00-05:00,13.28,13.36,13.25,13.25,54200
2007-11-28 16:00:00-05:00,13.31,13.6,13.31,13.56,92200
2007-11-29 16:00:00-05:00,13.5,13.6,13.44,13.49,48400
2007-11-30 16:00:00-05:00,13.46,13.64,13.46,13.59,50600
2007-12-03 16:00:00-05:00,13.68,13.7199,13.55,13.55,47300
2007-12-04 16:00:00-05:00,13.7,13.75,13.57,13.74,64600
2007-12-05 16:00:00-05:00,13.73,13.9,13.726,13.9,58400
2007-12-06 16:00:00-05:00,13.89,13.9,13.75,13.83,44300
2007-12-07 16:00:00-05:00,13.78,13.93,13.74,13.86,72500
2007-12-10 16:00:00-05:00,13.96,14.0,13.87,13.87,48300
2007-12-11 16:00:00-05:00,13.55,13.87,13.55,13.73,106000
2007-12-12 16:00:00-05:00,13.74,13.88,13.62,13.74,109500
2007-12-13 16:00:00-05:00,13.75,13.75,13.41,13.41,75700
2007-12-14 16:00:00-05:00,13.32,13.42,13.21,13.21,99400
2007-12-17 16:00:00-05:00,13.25,13.3,13.1,13.21,83500
2007-12-18 16:00:00-05:00,13.22,13.22,13.02,13.12,110100
2007-12-19 16:00:00-05:00,13.02,13.2,12.86,13.2,180100
2007-12-20 16:00:00-05:00,13.15,13.25,13.0,13.2,145100
2007-12-21 16:00:00-05:00,13.06,13.16,12.94,13.05,142100
2007-12-24 16:00:00-05:00,13.2,13.23,13.03,13.11,54100
2007-12-26 16:00:00-05:00,13.06,13.1099,12.97,13.06,105746
2007-12-27 16:00:00-05:00,13.03,13.12,12.96,13.05,146000
2007-12-28 16:00:00-05:00,13.03,13.26,13.02,13.2,142400
2007-12-31 16:00:00-05:00,13.24,13.3,13.12,13.2899,120800
2008-01-02 16:00:00-05:00,13.24,13.44,13.12,13.4,34500
2008-01-03 16:00:00-05:00,13.45,13.9,13.45,13.86,133350
2008-01-04 16:00:00-05:00,13.86,14.02,13.8299,13.94,118850
2008-01-07 16:00:00-05:00,13.99,14.13,13.99,14.07,87700
2008-01-08 16:00:00-05:00,14.13,14.17,14.03,14.17,80000
2008-01-09 16:00:00-05:00,14.16,14.18,14.06,14.11,89100
2008-01-10 16:00:00-05:00,14.05,14.14,14.0,14.1,91300
2008-01-11 16:00:00-05:00,14.1,14.37,14.082,14.37,55055
2008-01-14 16:00:00-05:00,14.4,14.47,14.3,14.39,87800
2008-01-15 16:00:00-05:00,14.4,14.57,14.33,14.57,49000
2008-01-16 16:00:00-05:00,14.64,14.64,14.45,14.58,65600
2008-01-17 16:00:00-05:00,14.6,14.61,14.42,14.57,95200
2008-01-18 16:00:00-05:00,14.58,14.58,14.22,14.28,85997
2008-01-22 16:00:00-05:00,14.08,14.46,14.07,14.41,37300
2008-01-23 16:00:00-05:00,14.35,14.58,14.35,14.56,75300
2008-01-24 16:00:00-05:00,14.4,14.7,14.4,14.66,35500
2008-01-25 16:00:00-05:00,14.64,14.64,14.52,14.52,32600
2008-01-28 16:00:00-05:00,14.56,14.66,14.56,14.56,25400
2008-01-29 16:00:00-05:00,14.7,14.7,14.47,14.52,56100
2008-01-30 16:00:00-05:00,14.56,14.57,14.424,14.5,49921
2008-01-31 16:00:00-05:00,14.54,14.55,14.35,14.52,52200
2008-02-01 16:00:00-05:00,14.55,14.56,14.44,14.55,28700
2008-02-04 16:00:00-05:00,14.54,14.58,14.47,14.55,47086
2008-02-05 16:00:00-05:00,14.48,14.58,14.4701,14.53,18900
2008-02-06 16:00:00-05:00,14.57,14.68,14.5301,14.68,35800
2008-02-07 16:00:00-05:00,14.61,14.66,14.54,14.65,33290
2008-02-08 16:00:00-05:00,14.65,14.7,14.65,14.7,20000
2008-02-11 16:00:00-05:00,14.66,14.69,14.61,14.67,43700
2008-02-12 16:00:00-05:00,14.77,14.77,14.68,14.71,28700
2008-02-13 16:00:00-05:00,14.72,14.77,14.14,14.15,140400
2008-02-14 16:00:00-05:00,14.15,14.15,13.59,13.61,132320
2008-02-15 16:00:00-05:00,13.61,13.83,13.57,13.83,105500
2008-02-19 16:00:00-05:00,13.89,14.22,13.89,14.18,38800
2008-02-20 16:00:00-05:00,14.19,14.19,13.95,14.1,49700
2008-02-21 16:00:00-05:00,14.25,14.25,14.01,14.04,92816
2008-02-22 16:00:00-05:00,14.13,14.13,13.83,13.91,51500
2008-02-25 16:00:00-05:00,13.93,14.07,13.92,14.06,31200
2008-02-26 16:00:00-05:00,14.14,14.14,14.02,14.06,26448
2008-02-27 16:00:00-05:00,13.94,14.04,13.8,13.93,55300
2008-02-28 16:00:00-05:00,13.81,13.81,13.63,13.64,41677
2008-02-29 16:00:00-05:00,13.58,13.58,13.19,13.21,108200
2008-03-03 16:00:00-05:00,13.26,13.86,13.22,13.65,105033
2008-03-04 16:00:00-05:00,13.74,13.83,13.56,13.81,85700
2008-03-05 16:00:00-05:00,13.82,14.1,13.81,14.1,75800
2008-03-06 16:00:00-05:00,14.1,14.1,13.85,13.9,41100
2008-03-07 16:00:00-05:00,13.98,14.0612,13.88,13.88,16950
2008-03-10 16:00:00-04:00,13.88,13.88,13.68,13.7699,43300
2008-03-11 16:00:00-04:00,13.87,13.884,13.76,13.82,23000
2008-03-12 16:00:00-04:00,13.82,13.82,13.65,13.66,25740
2008-03-13 16:00:00-04:00,13.6,13.66,13.51,13.63,22600
2008-03-14 16:00:00-04:00,13.65,13.6999,13.45,13.47,36100
2008-03-17 16:00:00-04:00,13.37,13.4208,13.27,13.3,42540
2008-03-18 16:00:00-04:00,13.35,13.61,13.35,13.536,42025
2008-03-19 16:00:00-04:00,13.95,13.95,13.65,13.67,50300
2008-03-20 16:00:00-04:00,13.75,13.75,13.59,13.64,19900
2008-03-24 16:00:00-04:00,13.71,13.86,13.71,13.86,33800
2008-03-25 16:00:00-04:00,13.75,13.89,13.73,13.88,34200
2008-03-26 16:00:00-04:00,13.86,13.96,13.8501,13.92,18400
2008-03-27 16:00:00-04:00,13.89,13.99,13.88,13.89,45384
2008-03-28 16:00:00-04:00,13.85,13.91,13.81,13.81,23200
2008-03-31 16:00:00-04:00,13.78,13.86,13.78,13.84,12300
2008-04-01 16:00:00-04:00,13.89,14.0,13.88,13.96,63500
2008-04-02 16:00:00-04:00,13.9,13.912,13.81,13.81,32600
2008-04-03 16:00:00-04:00,13.87,13.91,13.8401,13.9,19100
2008-04-04 16:00:00-04:00,13.93,13.98,13.93,13.93,22461
2008-04-07 16:00:00-04:00,13.96,13.98,13.82,13.86,31000
2008-04-08 16:00:00-04:00,13.86,13.87,13.72,13.72,19600
2008-04-09 16:00:00-04:00,13.67,13.72,13.62,13.64,24000
2008-04-10 16:00:00-04:00,13.76,13.9,13.74,13.84,36000
2008-04-11 16:00:00-04:00,13.85,13.98,13.85,13.93,43600
2008-04-14 16:00:00-04:00,13.94,13.98,13.91,13.965,4553
2008-04-15 16:00:00-04:00,13.9,13.97,13.82,13.97,41159
2008-04-16 16:00:00-04:00,13.94,13.97,13.91,13.92,13786
2008-04-17 16:00:00-04:00,13.9,13.95,13.9,13.94,8700
2008-04-18 16:00:00-04:00,13.96,14.044,13.96,14.01,23400
2008-04-21 16:00:00-04:00,14.04,14.05,13.9401,13.95,13400
2008-04-22 16:00:00-04:00,14.13,14.13,13.97,13.99,27100
2008-04-23 16:00:00-04:00,14.04,14.06,13.96,13.96,13650
2008-04-24 16:00:00-04:00,13.96,14.01,13.93,13.93,16397
2008-04-25 16:00:00-04:00,13.93,13.96,13.75,13.77,47700
2008-04-28 16:00:00-04:00,13.73,13.81,13.73,13.8,12900
2008-04-29 16:00:00-04:00,13.83,13.8408,13.8,13.8,32978
2008-04-30 16:00:00-04:00,13.84,13.97,13.84,13.94,28877
2008-05-01 16:00:00-04:00,13.97,13.97,13.92,13.92,15495
2008-05-02 16:00:00-04:00,13.95,13.99,13.92,13.92,21562
2008-05-05 16:00:00-04:00,13.92,13.95,13.83,13.83,22436
2008-05-06 16:00:00-04:00,13.91,13.92,13.85,13.89,22997
2008-05-07 16:00:00-04:00,13.95,13.97,13.88,13.92,17840
2008-05-08 16:00:00-04:00,13.86,13.8888,13.79,13.86,19096
2008-05-09 16:00:00-04:00,13.85,13.93,13.82,13.85,12400
2008-05-12 16:00:00-04:00,13.86,13.93,13.83,13.85,24913
2008-05-13 16:00:00-04:00,13.81,13.89,13.79,13.84,4700
2008-05-14 16:00:00-04:00,13.8,13.97,13.8,13.88,24846
2008-05-15 16:00:00-04:00,13.88,13.98,13.8,13.98,15685
2008-05-16 16:00:00-04:00,13.98,13.98,13.89,13.89,14990
2008-05-19 16:00:00-04:00,13.86,13.91,13.86,13.88,5791
2008-05-20 16:00:00-04:00,13.88,13.89,13.77,13.86,29960
2008-05-21 16:00:00-04:00,13.79,13.86,13.79,13.85,13650
2008-05-22 16:00:00-04:00,13.8,13.88,13.8,13.88,16435
2008-05-23 16:00:00-04:00,13.89,13.97,13.86,13.9,31770
2008-05-27 16:00:00-04:00,13.91,13.96,13.87,13.87,21985
2008-05-28 16:00:00-04:00,13.9,13.99,13.9,13.95,25824
2008-05-29 16:00:00-04:00,13.94,13.99,13.89,13.89,18235
2008-05-30 16:00:00-04:00,13.93,13.95,13.87,13.87,6051
2008-06-02 16:00:00-04:00,13.93,13.97,13.87,13.9,53784
2008-06-03 16:00:00-04:00,13.94,13.96,13.87,13.894,20125
2008-06-04 16:00:00-04:00,13.89,13.97,13.78,13.78,26088
2008-06-05 16:00:00-04:00,13.75,13.91,13.73,13.91,18819
2008-06-06 16:00:00-04:00,13.96,14.056,13.91,14.02,27020
2008-06-09 16:00:00-04:00,13.97,13.97,13.85,13.9,18891
2008-06-10 16:00:00-04:00,13.75,13.84,13.75,13.77,14338
2008-06-11 16:00:00-04:00,13.77,13.79,13.63,13.63,18363
2008-06-12 16:00:00-04:00,13.55,13.58,13.4699,13.5422,39846
2008-06-13 16:00:00-04:00,13.57,13.59,13.53,13.58,17099
2008-06-16 16:00:00-04:00,13.58,13.93,13.55,13.58,44956
2008-06-17 16:00:00-04:00,13.61,13.61,13.49,13.51,34375
2008-06-18 16:00:00-04:00,13.51,13.55,13.3,13.37,49425
2008-06-19 16:00:00-04:00,13.39,13.55,13.39,13.55,29935
2008-06-20 16:00:00-04:00,13.52,13.56,13.41,13.56,9050
2008-06-23 16:00:00-04:00,13.43,13.4699,13.38,13.4,25879
2008-06-24 16:00:00-04:00,13.36,13.49,13.22,13.39,42174
2008-06-25 16:00:00-04:00,13.43,13.47,13.34,13.44,8003
2008-06-26 16:00:00-04:00,13.47,13.48,12.97,13.08,95406
2008-06-27 16:00:00-04:00,13.08,13.22,12.84,12.86,65134
2008-06-30 16:00:00-04:00,12.91,13.13,12.53,12.75,167604
2008-07-01 16:00:00-04:00,12.75,12.92,12.62,12.92,108543
2008-07-02 16:00:00-04:00,12.88,13.14,12.87,13.14,38700
2008-07-03 16:00:00-04:00,13.12,13.12,13.1,13.1,5290
2008-07-07 16:00:00-04:00,13.11,13.22,13.1,13.19,28010
2008-07-08 16:00:00-04:00,13.24,13.25,12.9801,13.14,22339
2008-07-09 16:00:00-04:00,13.07,13.11,12.85,13.09,52132
2008-07-10 16:00:00-04:00,13.09,13.13,12.98,13.13,19727
2008-07-11 16:00:00-04:00,13.09,13.09,12.93,12.93,24689
2008-07-14 16:00:00-04:00,12.92,12.95,12.84,12.84,11300
2008-07-15 16:00:00-04:00,12.8,12.8,12.47,12.63,60505
2008-07-16 16:00:00-04:00,12.6,12.82,12.6,12.81,45787
2008-07-17 16:00:00-04:00,12.79,12.88,12.79,12.835,11753
2008-07-18 16:00:00-04:00,12.82,12.94,12.71,12.94,28927
2008-07-21 16:00:00-04:00,12.86,12.88,12.81,12.88,13953
2008-07-22 16:00:00-04:00,12.83,12.9,12.82,12.9,9010
2008-07-23 16:00:00-04:00,12.87,12.95,12.8345,12.87,20243
2008-07-24 16:00:00-04:00,12.87,12.89,12.86,12.878,16437
2008-07-25 16:00:00-04:00,12.88,12.95,12.82,12.95,11932
2008-07-28 16:00:00-04:00,12.94,13.14,12.9,13.09,32770
2008-07-29 16:00:00-04:00,13.08,13.2,13.08,13.17,17674
2008-07-30 16:00:00-04:00,13.16,13.23,13.15,13.23,29000
2008-07-31 16:00:00-04:00,13.27,13.42,13.14,13.3,57417
2008-08-01 16:00:00-04:00,13.29,13.29,13.17,13.18,22834
2008-08-04 16:00:00-04:00,13.2,13.61,13.12,13.2,24495
2008-08-05 16:00:00-04:00,13.12,13.25,13.12,13.19,20000
2008-08-06 16:00:00-04:00,13.14,13.2,13.14,13.17,21145
2008-08-07 16:00:00-04:00,13.13,13.13,13.016,13.08,10258
2008-08-08 16:00:00-04:00,13.17,13.22,13.12,13.21,13549
2008-08-11 16:00:00-04:00,13.15,13.3001,13.15,13.2598,9284
2008-08-12 16:00:00-04:00,12.97,13.28,12.97,13.25,48859
2008-08-13 16:00:00-04:00,13.37,13.42,13.367,13.39,5692
2008-08-14 16:00:00-04:00,13.26,13.26,13.1,13.12,25115
2008-08-15 16:00:00-04:00,13.11,13.26,13.0501,13.24,10459
2008-08-18 16:00:00-04:00,13.15,13.2284,13.07,13.15,10095
2008-08-19 16:00:00-04:00,13.17,13.24,13.09,13.2,13091
2008-08-20 16:00:00-04:00,13.19,13.24,13.16,13.23,9150
2008-08-21 16:00:00-04:00,13.24,13.25,13.18,13.25,14511
2008-08-22 16:00:00-04:00,13.24,13.26,13.06,13.11,29185
2008-08-25 16:00:00-04:00,13.11,13.19,13.03,13.07,14238
2008-08-26 16:00:00-04:00,13.04,13.4,13.04,13.22,28100
2008-08-27 16:00:00-04:00,12.85,13.34,12.85,13.2,52016
2008-08-28 16:00:00-04:00,13.17,13.29,13.1699,13.26,8980
2008-08-29 16:00:00-04:00,13.15,13.33,13.14,13.18,26756
2008-09-02 16:00:00-04:00,13.24,13.25,13.09,13.2,24991
2008-09-03 16:00:00-04:00,13.17,13.34,13.17,13.3,31231
2008-09-04 16:00:00-04:00,13.23,13.24,13.17,13.24,15360
2008-09-05 16:00:00-04:00,13.24,13.3,13.16,13.2,18099
2008-09-08 16:00:00-04:00,13.24,13.27,13.17,13.233,20823
2008-09-09 16:00:00-04:00,13.23,13.38,13.19,13.31,41629
2008-09-10 16:00:00-04:00,13.07,13.32,13.07,13.11,53107
2008-09-11 16:00:00-04:00,13.05,13.06,13.0,13.01,17561
2008-09-12 16:00:00-04:00,13.01,13.15,12.87,13.05,35282
2008-09-15 16:00:00-04:00,12.99,13.35,12.91,13.1,85000
2008-09-16 16:00:00-04:00,13.1,13.28,12.97,13.0899,37564
2008-09-17 16:00:00-04:00,12.99,12.99,12.64,12.66,69249
2008-09-18 16:00:00-04:00,12.61,12.66,12.07,12.1,84580
2008-09-19 16:00:00-04:00,12.3,13.14,12.3,12.67,62035
2008-09-22 16:00:00-04:00,12.77,12.77,12.19,12.216,25700
2008-09-23 16:00:00-04:00,12.25,12.5,12.24,12.5,35247
2008-09-24 16:00:00-04:00,12.15,12.44,12.12,12.29,63574
2008-09-25 16:00:00-04:00,12.21,12.3799,12.05,12.24,30586
2008-09-26 16:00:00-04:00,12.23,12.23,11.72,11.83,31169
2008-09-29 16:00:00-04:00,12.0,12.0,9.6,10.43,160726
2008-09-30 16:00:00-04:00,10.35,10.61,10.31,10.54,111422
2008-10-01 16:00:00-04:00,10.67,11.49,10.58,11.35,91222
2008-10-02 16:00:00-04:00,11.33,11.3301,10.7,10.89,53828
2008-10-03 16:00:00-04:00,10.88,10.9301,10.16,10.21,74464
2008-10-06 16:00:00-04:00,10.21,10.25,8.21,9.18,320422
2008-10-07 16:00:00-04:00,9.25,9.8,9.25,9.59,135192
2008-10-08 16:00:00-04:00,9.44,9.46,8.71,9.216,186729
2008-10-09 16:00:00-04:00,9.0,9.1,8.15,8.15,95129
2008-10-10 16:00:00-04:00,6.54,9.4,6.06,7.0693,280851
2008-10-13 16:00:00-04:00,7.12,9.69,7.12,9.31,220523
2008-10-14 16:00:00-04:00,9.55,9.65,9.13,9.38,42660
2008-10-15 16:00:00-04:00,9.38,9.38,8.688,8.856,41302
2008-10-16 16:00:00-04:00,8.56,8.66,8.29,8.43,49366
2008-10-17 16:00:00-04:00,8.35,8.74,8.34,8.55,78495
2008-10-20 16:00:00-04:00,8.8,9.92,8.8,9.8,102210
2008-10-21 16:00:00-04:00,9.75,9.78,9.42,9.63,37509
2008-10-22 16:00:00-04:00,9.52,9.67,9.35,9.5,61830
2008-10-23 16:00:00-04:00,9.45,10.0,9.45,9.8,67205
2008-10-24 16:00:00-04:00,9.7,10.3,9.0,10.0,79959
2008-10-27 16:00:00-04:00,9.9,10.26,9.9,10.0,85327
2008-10-28 16:00:00-04:00,10.04,10.094,9.52,9.8,145501
2008-10-29 16:00:00-04:00,9.77,9.93,9.47,9.7,50321
2008-10-30 16:00:00-04:00,9.72,9.77,9.32,9.45,104858
2008-10-31 16:00:00-04:00,9.43,9.43,9.26,9.34,66661
2008-11-03 16:00:00-05:00,9.3,9.6112,9.3,9.5,60335
2008-11-04 16:00:00-05:00,9.54,10.04,9.54,9.99,75395
2008-11-05 16:00:00-05:00,10.01,10.08,9.83,10.08,51545
2008-11-06 16:00:00-05:00,10.4,10.88,10.1,10.44,93784
2008-11-07 16:00:00-05:00,10.5,10.95,10.5,10.8,76485
2008-11-10 16:00:00-05:00,10.85,10.91,10.21,10.29,40412
2008-11-11 16:00:00-05:00,10.29,10.29,9.42,9.6,123443
2008-11-12 16:00:00-05:00,9.59,9.59,8.62,8.78,173770
2008-11-13 16:00:00-05:00,8.65,8.99,8.63,8.98,82143
2008-11-14 16:00:00-05:00,8.81,9.22,8.81,9.21,52014
2008-11-17 16:00:00-05:00,9.23,9.23,8.8,8.97,72383
2008-11-18 16:00:00-05:00,8.84,8.9,8.29,8.64,59135
2008-11-19 16:00:00-05:00,8.65,8.65,8.1,8.38,74018
2008-11-20 16:00:00-05:00,8.03,8.11,7.65,7.7,72995
2008-11-21 16:00:00-05:00,7.84,7.84,7.25,7.49,71210
2008-11-24 16:00:00-05:00,7.35,7.73,7.35,7.68,85759
2008-11-25 16:00:00-05:00,7.89,7.92,7.61,7.61,43683
2008-11-26 16:00:00-05:00,7.51,7.55,6.6,6.75,183841
2008-11-28 16:00:00-05:00,6.75,7.1,6.745,6.98,60571
2008-12-01 16:00:00-05:00,6.8,6.96,5.5,5.62,395148
2008-12-02 16:00:00-05:00,5.66,6.24,5.66,6.22,221071
2008-12-03 16:00:00-05:00,5.92,6.22,5.75,5.9312,156933
2008-12-04 16:00:00-05:00,5.3,6.09,5.3,5.67,298062
2008-12-05 16:00:00-05:00,5.51,5.69,5.3,5.37,83565
2008-12-08 16:00:00-05:00,5.37,5.4,5.16,5.218,125825
2008-12-09 16:00:00-05:00,5.11,5.4799,5.08,5.08,148376
2008-12-10 16:00:00-05:00,4.61,4.88,4.51,4.86,407815
2008-12-11 16:00:00-05:00,4.57,4.94,4.57,4.72,133769
2008-12-12 16:00:00-05:00,4.56,4.72,4.28,4.52,171070
2008-12-15 16:00:00-05:00,4.53,4.54,4.42,4.43,319402
2008-12-16 16:00:00-05:00,4.43,4.82,4.37,4.62,266349
2008-12-17 16:00:00-05:00,4.73,4.83,4.55,4.83,114559
2008-12-18 16:00:00-05:00,4.81,5.3,4.77,5.26,220161
2008-12-19 16:00:00-05:00,5.48,5.92,5.43,5.58,335783
2008-12-22 16:00:00-05:00,5.69,5.85,5.5,5.65,279632
2008-12-23 16:00:00-05:00,5.77,5.84,5.48,5.64,117520
2008-12-24 16:00:00-05:00,5.56,5.76,5.56,5.76,78475
2008-12-26 16:00:00-05:00,5.71,5.98,5.71,5.98,107610
2008-12-29 16:00:00-05:00,5.98,6.04,5.61,5.7,133561
2008-12-30 16:00:00-05:00,5.7,6.06,5.66,5.7,164272
2008-12-31 16:00:00-05:00,5.71,6.25,5.71,6.17,176075
2009-01-02 16:00:00-05:00,6.28,6.42,6.17,6.38,186086
2009-01-05 16:00:00-05:00,6.38,6.64,6.34,6.53,233419
2009-01-06 16:00:00-05:00,6.64,6.8655,6.64,6.77,183959
2009-01-07 16:00:00-05:00,6.67,7.06,6.65,6.82,260690
2009-01-08 16:00:00-05:00,6.82,7.12,6.82,7.1,158030
2009-01-09 16:00:00-05:00,7.22,7.8,7.21,7.67,317627
2009-01-12 16:00:00-05:00,7.81,8.05,7.71,7.83,152574
2009-01-13 16:00:00-05:00,7.88,7.88,7.5,7.52,168428
2009-01-14 16:00:00-05:00,7.31,7.5,7.15,7.35,121589
2009-01-15 16:00:00-05:00,7.32,7.32,6.9,7.08,83050
2009-01-16 16:00:00-05:00,7.09,7.41,7.05,7.37,96843
2009-01-20 16:00:00-05:00,7.48,7.48,7.18,7.18,98512
2009-01-21 16:00:00-05:00,7.29,7.31,7.14,7.24,38856
2009-01-22 16:00:00-05:00,7.27,7.27,7.07,7.09,45548
2009-01-23 16:00:00-05:00,6.98,7.2,6.86,7.02,62251
2009-01-26 16:00:00-05:00,7.06,7.36,7.01,7.17,69436
2009-01-27 16:00:00-05:00,7.21,7.54,7.19,7.46,83016
2009-01-28 16:00:00-05:00,7.46,7.6,7.4599,7.54,115483
2009-01-29 16:00:00-05:00,7.56,7.63,7.33,7.33,95836
2009-01-30 16:00:00-05:00,7.28,7.3,7.25,7.28,56682
2009-02-02 16:00:00-05:00,7.31,7.42,7.29,7.4,48873
2009-02-03 16:00:00-05:00,7.43,7.6925,7.43,7.5476,117496
2009-02-04 16:00:00-05:00,7.61,7.77,7.57,7.68,97377
2009-02-05 16:00:00-05:00,7.76,7.99,7.71,7.9,64230
2009-02-06 16:00:00-05:00,7.98,8.21,7.98,8.16,45170
2009-02-09 16:00:00-05:00,8.26,8.42,8.11,8.41,80399
2009-02-10 16:00:00-05:00,8.32,8.32,8.08,8.08,51852
2009-02-11 16:00:00-05:00,8.14,8.59,8.12,8.23,31168
2009-02-12 16:00:00-05:00,8.32,8.37,8.26,8.29,25553
2009-02-13 16:00:00-05:00,8.42,8.42,8.25,8.28,20464
2009-02-17 16:00:00-05:00,8.28,8.28,7.89,8.03,46517
2009-02-18 16:00:00-05:00,7.85,7.88,7.63,7.64,80875
2009-02-19 16:00:00-05:00,7.65,7.65,7.36,7.58,82018
2009-02-20 16:00:00-05:00,7.59,7.65,7.29,7.62,92263
2009-02-23 16:00:00-05:00,7.58,7.7,7.06,7.09,141471
2009-02-24 16:00:00-05:00,7.04,7.45,7.04,7.45,49043
2009-02-25 16:00:00-05:00,7.64,7.96,7.52,7.9,59600
2009-02-26 16:00:00-05:00,7.99,8.12,7.7,7.9199,48565
2009-02-27 16:00:00-05:00,7.91,8.05,7.84,8.02,26407
2009-03-02 16:00:00-05:00,7.85,8.07,7.61,7.77,97458
2009-03-03 16:00:00-05:00,7.74,7.74,7.26,7.27,92625
2009-03-04 16:00:00-05:00,7.4,7.4,6.99,7.2982,100209
2009-03-05 16:00:00-05:00,7.3,7.41,7.0,7.36,82516
2009-03-06 16:00:00-05:00,7.4,7.42,7.21,7.29,18863
2009-03-09 16:00:00-04:00,7.18,7.5,7.08,7.12,34150
2009-03-10 16:00:00-04:00,7.13,7.32,7.13,7.31,29534
2009-03-11 16:00:00-04:00,7.16,7.393,7.16,7.28,61230
2009-03-12 16:00:00-04:00,7.35,7.38,7.16,7.24,31238
2009-03-13 16:00:00-04:00,7.25,7.26,7.1,7.19,31228
2009-03-16 16:00:00-04:00,7.32,7.48,7.24,7.34,53939
2009-03-17 16:00:00-04:00,7.34,7.51,7.24,7.44,55428
2009-03-18 16:00:00-04:00,7.16,7.32,7.16,7.26,67520
2009-03-19 16:00:00-04:00,7.24,7.48,7.2,7.43,48341
2009-03-20 16:00:00-04:00,7.31,7.6,7.23,7.29,51250
2009-03-23 16:00:00-04:00,7.26,7.36,7.15,7.15,66053
2009-03-24 16:00:00-04:00,7.2,7.34,7.2,7.3,39298
2009-03-25 16:00:00-04:00,7.19,7.76,7.19,7.57,77054
2009-03-26 16:00:00-04:00,7.7,7.78,7.59,7.78,83478
2009-03-27 16:00:00-04:00,7.84,7.91,7.8,7.88,41303
2009-03-30 16:00:00-04:00,7.93,7.93,7.48,7.59,65759
2009-03-31 16:00:00-04:00,7.47,7.7601,7.35,7.71,63884
2009-04-01 16:00:00-04:00,7.71,8.0,7.68,7.88,45421
2009-04-02 16:00:00-04:00,7.88,8.11,7.88,8.07,35565
2009-04-03 16:00:00-04:00,8.12,8.2,7.77,8.1299,43772
2009-04-06 16:00:00-04:00,8.0,8.14,7.91,8.13,37698
2009-04-07 16:00:00-04:00,8.01,8.2,7.98,8.16,34522
2009-04-08 16:00:00-04:00,8.18,8.2,8.0202,8.03,47395
2009-04-09 16:00:00-04:00,8.04,8.25,8.04,8.24,29765
2009-04-13 16:00:00-04:00,8.17,8.2,8.1,8.2,47522
2009-04-14 16:00:00-04:00,8.2,8.2,8.1,8.12,33860
2009-04-15 16:00:00-04:00,8.17,8.4,8.07,8.39,70662
2009-04-16 16:00:00-04:00,8.32,8.32,8.14,8.32,36719
2009-04-17 16:00:00-04:00,8.32,8.3594,8.2,8.24,29612
2009-04-20 16:00:00-04:00,8.24,8.24,8.1,8.24,47446
2009-04-21 16:00:00-04:00,8.24,8.45,8.24,8.42,28387
2009-04-22 16:00:00-04:00,8.39,8.5,8.36,8.4,72920
2009-04-23 16:00:00-04:00,8.46,8.55,8.37,8.38,123190
2009-04-24 16:00:00-04:00,8.38,8.55,8.35,8.44,57370
2009-04-27 16:00:00-04:00,8.41,8.4699,8.35,8.38,31612
2009-04-28 16:00:00-04:00,8.36,8.56,8.36,8.56,43200
2009-04-29 16:00:00-04:00,8.6,8.69,8.53,8.69,62756
2009-04-30 16:00:00-04:00,8.77,8.77,8.6,8.7,38471
2009-05-01 16:00:00-04:00,8.69,8.77,8.57,8.59,57791
2009-05-04 16:00:00-04:00,8.6,8.76,8.56,8.65,56582
2009-05-05 16:00:00-04:00,8.65,8.69,8.45,8.52,30378
2009-05-06 16:00:00-04:00,8.48,8.67,8.443,8.67,33759
2009-05-07 16:00:00-04:00,8.68,8.68,8.48,8.58,38308
2009-05-08 16:00:00-04:00,8.56,8.65,8.52,8.57,35699
2009-05-11 16:00:00-04:00,8.58,8.58,8.4999,8.55,20017
2009-05-12 16:00:00-04:00,8.56,8.61,8.5,8.51,26379
2009-05-13 16:00:00-04:00,8.47,8.5,8.34,8.45,57261
2009-05-14 16:00:00-04:00,8.45,8.45,8.32,8.36,25373
2009-05-15 16:00:00-04:00,8.31,8.3499,8.11,8.3,57030
2009-05-18 16:00:00-04:00,8.25,8.36,8.2427,8.3,53469
2009-05-19 16:00:00-04:00,8.28,8.39,8.28,8.3,41554
2009-05-20 16:00:00-04:00,8.3,8.51,8.28,8.36,61167
2009-05-21 16:00:00-04:00,8.39,8.44,8.33,8.36,46513
2009-05-22 16:00:00-04:00,8.38,8.43,8.35,8.41,33003
2009-05-26 16:00:00-04:00,8.4,8.66,8.39,8.57,41813
2009-05-27 16:00:00-04:00,8.56,8.5727,8.47,8.47,36699
2009-05-28 16:00:00-04:00,8.49,8.51,8.4,8.5,41817
2009-05-29 16:00:00-04:00,8.5,8.52,8.42,8.45,43995
2009-06-01 16:00:00-04:00,8.49,8.52,8.46,8.48,43928
2009-06-02 16:00:00-04:00,8.51,8.61,8.5,8.6,44691
2009-06-03 16:00:00-04:00,8.61,8.61,8.45,8.59,50668
2009-06-04 16:00:00-04:00,8.61,8.61,8.5,8.6,36884
2009-06-05 16:00:00-04:00,8.64,8.64,8.56,8.58,27377
2009-06-08 16:00:00-04:00,8.58,8.59,8.3696,8.53,46551
2009-06-09 16:00:00-04:00,8.52,8.53,8.42,8.47,43721
2009-06-10 16:00:00-04:00,8.51,8.54,8.37,8.43,39882
2009-06-11 16:00:00-04:00,8.43,8.44,8.07,8.15,84703
2009-06-12 16:00:00-04:00,8.17,8.17,7.71,7.84,117948
2009-06-15 16:00:00-04:00,7.81,7.9,7.61,7.68,91795
2009-06-16 16:00:00-04:00,7.68,8.03,7.62,8.0,82355
2009-06-17 16:00:00-04:00,7.9,8.22,7.9,8.2,44123
2009-06-18 16:00:00-04:00,8.22,8.33,8.19,8.27,39398
2009-06-19 16:00:00-04:00,8.27,8.3002,8.22,8.23,58449
2009-06-22 16:00:00-04:00,8.22,8.28,8.01,8.05,23482
2009-06-23 16:00:00-04:00,8.08,8.1373,7.97,7.9899,39985
2009-06-24 16:00:00-04:00,7.97,8.0182,7.9,7.9,42445
2009-06-25 16:00:00-04:00,7.91,7.94,7.87,7.9,25357
2009-06-26 16:00:00-04:00,7.89,7.98,7.86,7.98,32900
2009-06-29 16:00:00-04:00,8.02,8.0596,7.95,8.05,19220
2009-06-30 16:00:00-04:00,7.96,8.15,7.92,8.12,24175
2009-07-01 16:00:00-04:00,8.15,8.24,7.7728,7.88,65732
2009-07-02 16:00:00-04:00,7.88,7.89,7.76,7.8,55617
2009-07-06 16:00:00-04:00,7.84,7.98,7.81,7.95,67061
2009-07-07 16:00:00-04:00,7.98,8.09,7.9,7.91,25029
2009-07-08 16:00:00-04:00,7.9,8.1,7.9,8.1,35226
2009-07-09 16:00:00-04:00,8.06,8.15,8.0,8.05,37131
2009-07-10 16:00:00-04:00,8.11,8.23,7.9,8.23,42729
2009-07-13 16:00:00-04:00,8.29,8.47,8.267,8.43,42300
2009-07-14 16:00:00-04:00,8.46,8.46,8.28,8.29,53654
2009-07-15 16:00:00-04:00,8.33,8.47,8.32,8.38,30687
2009-07-16 16:00:00-04:00,8.42,8.51,8.27,8.51,63897
2009-07-17 16:00:00-04:00,8.55,8.55,8.31,8.31,33672
2009-07-20 16:00:00-04:00,8.32,8.36,8.23,8.31,58055
2009-07-21 16:00:00-04:00,8.36,8.665,8.36,8.6,57851
2009-07-22 16:00:00-04:00,8.63,8.67,8.58,8.67,43089
2009-07-23 16:00:00-04:00,8.57,8.91,8.57,8.9,65448
2009-07-24 16:00:00-04:00,8.9,8.9896,8.81,8.94,68617
2009-07-27 16:00:00-04:00,8.9,9.185,8.8998,9.15,90205
2009-07-28 16:00:00-04:00,9.15,9.17,8.95,9.04,76717
2009-07-29 16:00:00-04:00,9.05,9.09,8.8,8.82,85893
2009-07-30 16:00:00-04:00,8.93,8.97,8.82,8.89,68224
2009-07-31 16:00:00-04:00,8.89,8.89,8.65,8.68,75980
2009-08-03 16:00:00-04:00,8.75,8.81,8.72,8.75,42833
2009-08-04 16:00:00-04:00,8.8,9.0701,8.8,8.931,100554
2009-08-05 16:00:00-04:00,8.86,9.08,8.81,8.92,79184
2009-08-06 16:00:00-04:00,8.75,9.19,8.74,9.01,58014
2009-08-07 16:00:00-04:00,9.03,9.12,9.03,9.12,46038
2009-08-10 16:00:00-04:00,9.1,9.14,9.0601,9.14,32407
2009-08-11 16:00:00-04:00,9.1,9.14,8.7832,8.88,40122
2009-08-12 16:00:00-04:00,8.88,9.0,8.8652,8.99,40963
2009-08-13 16:00:00-04:00,8.99,9.09,8.9,9.0,42476
2009-08-14 16:00:00-04:00,9.05,9.05,8.85,9.02,81574
2009-08-17 16:00:00-04:00,9.02,9.0446,8.85,8.87,48852
2009-08-18 16:00:00-04:00,8.88,9.0573,8.88,8.99,46507
2009-08-19 16:00:00-04:00,9.02,9.14,9.0,9.1,56625
2009-08-20 16:00:00-04:00,9.09,9.18,9.08,9.18,28652
2009-08-21 16:00:00-04:00,9.2,9.48,9.1901,9.33,50157
2009-08-24 16:00:00-04:00,9.43,9.48,9.4,9.43,17484
2009-08-25 16:00:00-04:00,9.35,9.5,9.35,9.4,56489
2009-08-26 16:00:00-04:00,9.34,9.45,9.34,9.39,32243
2009-08-27 16:00:00-04:00,9.39,9.61,9.38,9.59,36564
2009-08-28 16:00:00-04:00,9.69,9.7,9.6,9.7,25440
2009-08-31 16:00:00-04:00,9.72,9.8164,9.54,9.72,29594
2009-09-01 16:00:00-04:00,9.86,9.89,9.72,9.88,37761
2009-09-02 16:00:00-04:00,9.88,9.9,9.61,9.66,63764
2009-09-03 16:00:00-04:00,9.66,10.05,9.65,10.0,61309
2009-09-04 16:00:00-04:00,9.94,10.08,9.92,10.07,48336
2009-09-08 16:00:00-04:00,10.1,10.17,10.01,10.13,54811
2009-09-09 16:00:00-04:00,10.05,10.17,10.0,10.02,40458
2009-09-10 16:00:00-04:00,9.96,9.97,9.77,9.86,59678
2009-09-11 16:00:00-04:00,9.87,10.03,9.86,9.94,24865
2009-09-14 16:00:00-04:00,10.03,10.23,9.92,10.21,40601
2009-09-15 16:00:00-04:00,10.21,10.26,10.1145,10.12,32103
2009-09-16 16:00:00-04:00,10.18,10.18,9.86,9.8999,67884
2009-09-17 16:00:00-04:00,9.89,9.98,9.89,9.93,39689
2009-09-18 16:00:00-04:00,9.94,9.9501,9.78,9.82,42161
2009-09-21 16:00:00-04:00,9.79,9.92,9.79,9.91,28015
2009-09-22 16:00:00-04:00,9.89,10.13,9.89,10.02,55618
2009-09-23 16:00:00-04:00,9.92,10.07,9.92,10.01,75082
2009-09-24 16:00:00-04:00,10.0,10.16,10.0,10.06,33313
2009-09-25 16:00:00-04:00,10.02,10.02,9.8305,9.88,31714
2009-09-28 16:00:00-04:00,9.85,9.97,9.85,9.94,25421
2009-09-29 16:00:00-04:00,9.98,10.02,9.89,9.95,42256
2009-09-30 16:00:00-04:00,9.92,10.04,9.92,10.0299,37524
2009-10-01 16:00:00-04:00,10.04,10.04,9.9616,9.97,20820
2009-10-02 16:00:00-04:00,10.02,10.13,9.97,10.13,32219
2009-10-05 16:00:00-04:00,10.17,10.27,10.14,10.15,62766
2009-10-06 16:00:00-04:00,10.18,10.25,10.12,10.16,46733
2009-10-07 16:00:00-04:00,10.21,10.23,10.12,10.1501,53569
2009-10-08 16:00:00-04:00,10.13,10.204,10.12,10.16,39725
2009-10-09 16:00:00-04:00,10.11,10.14,9.6,9.68,114672
2009-10-12 16:00:00-04:00,9.78,9.79,9.4,9.5499,66575
2009-10-13 16:00:00-04:00,9.46,9.8,9.46,9.66,85016
2009-10-14 16:00:00-04:00,9.64,9.64,9.14,9.2,102309
2009-10-15 16:00:00-04:00,9.12,9.2,9.0372,9.06,89202
2009-10-16 16:00:00-04:00,9.08,9.37,9.05,9.29,82638
2009-10-19 16:00:00-04:00,9.36,9.48,9.25,9.44,41302
2009-10-20 16:00:00-04:00,9.49,9.54,9.38,9.54,52801
2009-10-21 16:00:00-04:00,9.54,9.54,9.43,9.4786,27700
2009-10-22 16:00:00-04:00,9.48,9.5,9.4399,9.48,18610
2009-10-23 16:00:00-04:00,9.46,9.51,9.44,9.44,13173
2009-10-26 16:00:00-04:00,9.49,9.62,9.44,9.52,30456
2009-10-27 16:00:00-04:00,9.51,9.62,9.44,9.51,43971
2009-10-28 16:00:00-04:00,9.51,9.51,9.42,9.49,49048
2009-10-29 16:00:00-04:00,9.49,9.57,9.4696,9.57,32684
2009-10-30 16:00:00-04:00,9.6,9.6,9.45,9.54,38391
2009-11-02 16:00:00-05:00,9.45,9.59,9.44,9.56,57345
2009-11-03 16:00:00-05:00,9.52,9.565,9.32,9.32,61630
2009-11-04 16:00:00-05:00,9.32,9.331,9.11,9.24,110761
2009-11-05 16:00:00-05:00,9.29,9.34,9.2,9.34,45428
2009-11-06 16:00:00-05:00,9.34,9.45,9.34,9.45,64354
2009-11-09 16:00:00-05:00,9.39,9.4,9.15,9.2,76223
2009-11-10 16:00:00-05:00,9.2,9.22,9.0123,9.05,54207
2009-11-11 16:00:00-05:00,9.01,9.12,8.98,8.99,55605
2009-11-12 16:00:00-05:00,9.04,9.04,8.87,8.9,62062
2009-11-13 16:00:00-05:00,8.9,9.0,8.88,8.95,38777
2009-11-16 16:00:00-05:00,8.87,9.04,8.86,8.99,58619
2009-11-17 16:00:00-05:00,8.96,8.97,8.86,8.92,47628
2009-11-18 16:00:00-05:00,8.95,9.0,8.92,8.97,20607
2009-11-19 16:00:00-05:00,8.96,8.98,8.92,8.98,29589
2009-11-20 16:00:00-05:00,8.99,8.99,8.91,8.98,32548
2009-11-23 16:00:00-05:00,8.98,9.05,8.93,8.95,38843
2009-11-24 16:00:00-05:00,8.86,8.9473,8.83,8.89,40249
2009-11-25 16:00:00-05:00,8.81,8.95,8.79,8.95,44913
2009-11-27 13:00:00-05:00,8.75,9.12,8.75,9.0,32712
2009-11-30 16:00:00-05:00,9.04,9.04,8.91,8.98,20536
2009-12-01 16:00:00-05:00,9.0,9.05,8.98,9.02,31572
2009-12-02 16:00:00-05:00,9.02,9.06,9.0,9.04,51311
2009-12-03 16:00:00-05:00,9.12,9.12,9.01,9.11,34089
2009-12-04 16:00:00-05:00,9.11,9.17,9.06,9.17,33683
2009-12-07 16:00:00-05:00,9.17,9.19,9.13,9.17,22690
2009-12-08 16:00:00-05:00,9.18,9.23,9.18,9.21,17868
2009-12-09 16:00:00-05:00,9.18,9.3,9.12,9.3,45387
2009-12-10 16:00:00-05:00,9.3,9.3,9.24,9.2899,43682
2009-12-11 16:00:00-05:00,9.29,9.3199,9.22,9.22,29782
2009-12-14 16:00:00-05:00,9.24,9.25,9.1,9.18,54708
2009-12-15 16:00:00-05:00,9.18,9.24,9.095,9.23,65129
2009-12-16 16:00:00-05:00,9.23,9.2822,9.16,9.27,40475
2009-12-17 16:00:00-05:00,9.21,9.32,9.2,9.25,26417
2009-12-18 16:00:00-05:00,9.24,9.27,9.2,9.21,42617
2009-12-21 16:00:00-05:00,9.3,9.3,9.12,9.13,47802
2009-12-22 16:00:00-05:00,9.21,9.23,9.12,9.2,53559
2009-12-23 16:00:00-05:00,9.25,9.26,9.2,9.26,35162
2009-12-24 13:00:00-05:00,9.28,9.2999,9.18,9.27,31220
2009-12-28 16:00:00-05:00,9.29,9.36,9.22,9.36,30973
2009-12-29 16:00:00-05:00,9.33,9.41,9.27,9.31,38903
2009-12-30 16:00:00-05:00,9.34,9.34,9.12,9.18,57741
2009-12-31 16:00:00-05:00,9.18,9.24,9.0,9.08,86331
2010-01-04 16:00:00-05:00,9.1,9.16,9.0799,9.16,18740
2010-01-05 16:00:00-05:00,9.21,9.25,9.2,9.21,35263
2010-01-06 16:00:00-05:00,9.18,9.38,9.16,9.27,56579
2010-01-07 16:00:00-05:00,9.3,9.44,9.3,9.43,28634
2010-01-08 16:00:00-05:00,9.4,9.52,9.35,9.5,47328
2010-01-11 16:00:00-05:00,9.55,9.5796,9.48,9.5199,29000
2010-01-12 16:00:00-05:00,9.45,9.48,9.38,9.44,22589
2010-01-13 16:00:00-05:00,9.4,9.45,9.35,9.37,44500
2010-01-14 16:00:00-05:00,9.36,9.36,9.21,9.31,44403
2010-01-15 16:00:00-05:00,9.29,9.3,9.23,9.28,12766
2010-01-19 16:00:00-05:00,9.27,9.37,9.27,9.36,28709
2010-01-20 16:00:00-05:00,9.31,9.39,9.3,9.39,20172
2010-01-21 16:00:00-05:00,9.39,9.4,9.276,9.35,19170
2010-01-22 16:00:00-05:00,9.34,9.354,9.27,9.27,19788
2010-01-25 16:00:00-05:00,9.25,9.32,9.21,9.26,24097
2010-01-26 16:00:00-05:00,9.29,9.34,9.28,9.34,27129
2010-01-27 16:00:00-05:00,9.34,9.45,9.33,9.44,32822
2010-01-28 16:00:00-05:00,9.44,9.44,9.33,9.3473,26509
2010-01-29 16:00:00-05:00,9.33,9.35,9.29,9.34,33790
2010-02-01 16:00:00-05:00,9.4,9.45,9.17,9.2,65139
2010-02-02 16:00:00-05:00,9.24,9.38,9.23,9.38,40213
2010-02-03 16:00:00-05:00,9.34,9.47,9.33,9.39,45883
2010-02-04 16:00:00-05:00,9.37,9.43,9.35,9.42,46482
2010-02-05 16:00:00-05:00,9.38,9.41,9.35,9.41,24834
2010-02-08 16:00:00-05:00,9.41,9.47,9.36,9.4,38797
2010-02-09 16:00:00-05:00,9.34,9.351,9.25,9.29,56663
2010-02-10 16:00:00-05:00,9.26,9.33,9.26,9.33,26158
2010-02-11 16:00:00-05:00,9.35,9.4,9.341,9.3999,24471
2010-02-12 16:00:00-05:00,9.32,9.45,9.32,9.45,36066
2010-02-16 16:00:00-05:00,9.39,9.45,9.24,9.35,25665
2010-02-17 16:00:00-05:00,9.35,9.42,9.25,9.4,18118
2010-02-18 16:00:00-05:00,9.26,9.3601,9.26,9.32,34524
2010-02-19 16:00:00-05:00,9.36,9.36,9.25,9.29,42200
2010-02-22 16:00:00-05:00,9.22,9.27,9.11,9.17,77506
2010-02-23 16:00:00-05:00,9.12,9.29,9.12,9.24,74979
2010-02-24 16:00:00-05:00,9.22,9.54,9.22,9.32,17747
2010-02-25 16:00:00-05:00,9.31,9.38,9.27,9.3499,20698
2010-02-26 16:00:00-05:00,9.29,9.39,9.29,9.38,14917
2010-03-01 16:00:00-05:00,9.4,9.46,9.3899,9.46,33319
2010-03-02 16:00:00-05:00,9.46,9.5,9.46,9.49,38532
2010-03-03 16:00:00-05:00,9.48,9.5,9.42,9.42,32204
2010-03-04 16:00:00-05:00,9.4,9.47,9.39,9.45,34393
2010-03-05 16:00:00-05:00,9.44,9.53,9.44,9.4999,33957
2010-03-08 16:00:00-05:00,9.48,9.611,9.48,9.61,31356
2010-03-09 16:00:00-05:00,9.54,9.65,9.54,9.5832,21881
2010-03-10 16:00:00-05:00,9.55,9.65,9.55,9.65,38405
2010-03-11 16:00:00-05:00,9.61,9.6701,9.6,9.62,18237
2010-03-12 16:00:00-05:00,9.64,9.67,9.52,9.52,35373
2010-03-15 16:00:00-04:00,9.57,9.57,9.31,9.32,54551
2010-03-16 16:00:00-04:00,9.29,9.32,9.22,9.26,82531
2010-03-17 16:00:00-04:00,9.22,9.34,9.18,9.29,60826
2010-03-18 16:00:00-04:00,9.25,9.31,9.25,9.3,34645
2010-03-19 16:00:00-04:00,9.26,9.315,9.24,9.28,28391
2010-03-22 16:00:00-04:00,9.21,9.35,9.21,9.3,63002
2010-03-23 16:00:00-04:00,9.33,9.471,9.3115,9.471,35138
2010-03-24 16:00:00-04:00,9.45,9.45,9.23,9.36,75422
2010-03-25 16:00:00-04:00,9.33,9.4,9.33,9.3699,22522
2010-03-26 16:00:00-04:00,9.3,9.35,9.23,9.32,51252
2010-03-29 16:00:00-04:00,9.37,9.37,9.31,9.3499,27252
2010-03-30 16:00:00-04:00,9.38,9.38,9.2,9.23,82844
2010-03-31 16:00:00-04:00,9.25,9.33,9.15,9.2,60240
2010-04-01 16:00:00-04:00,9.15,9.25,9.15,9.22,36471
2010-04-05 16:00:00-04:00,9.15,9.28,9.15,9.24,49894
2010-04-06 16:00:00-04:00,9.24,9.28,9.2,9.26,30861
2010-04-07 16:00:00-04:00,9.28,9.37,9.26,9.33,70883
2010-04-08 16:00:00-04:00,9.31,9.34,9.28,9.32,37990
2010-04-09 16:00:00-04:00,9.31,9.36,9.3,9.31,41800
2010-04-12 16:00:00-04:00,9.34,9.35,9.28,9.29,18631
2010-04-13 16:00:00-04:00,9.3,9.36,9.28,9.29,54501
2010-04-14 16:00:00-04:00,9.34,9.4,9.3001,9.33,69811
2010-04-15 16:00:00-04:00,9.35,9.39,9.34,9.39,24006
2010-04-16 16:00:00-04:00,9.35,9.4,9.32,9.4,30710
2010-04-19 16:00:00-04:00,9.4,9.46,9.35,9.41,27620
2010-04-20 16:00:00-04:00,9.4,9.5,9.4,9.48,19200
2010-04-21 16:00:00-04:00,9.48,9.57,9.48,9.56,44498
2010-04-22 16:00:00-04:00,9.58,9.65,9.56,9.56,41926
2010-04-23 16:00:00-04:00,9.56,9.62,9.53,9.57,45639
2010-04-26 16:00:00-04:00,9.57,9.7101,9.57,9.6501,58499
2010-04-27 16:00:00-04:00,9.67,9.7901,9.67,9.78,87565
2010-04-28 16:00:00-04:00,9.77,10.01,9.74,9.96,64476
2010-04-29 16:00:00-04:00,9.95,10.01,9.89,9.9,40139
2010-04-30 16:00:00-04:00,9.89,9.9,9.75,9.85,57311
2010-05-03 16:00:00-04:00,9.9,9.93,9.84,9.93,25281
2010-05-04 16:00:00-04:00,9.92,9.95,9.87,9.9248,24003
2010-05-05 16:00:00-04:00,9.94,9.98,9.9136,9.98,29195
2010-05-06 16:00:00-04:00,9.99,9.99,9.64,9.94,78166
2010-05-07 16:00:00-04:00,9.85,10.12,9.74,9.82,55296
2010-05-10 16:00:00-04:00,9.83,10.05,9.83,10.01,30552
2010-05-11 16:00:00-04:00,9.91,9.95,9.76,9.91,55407
2010-05-12 16:00:00-04:00,9.92,10.01,9.92,9.99,19520
2010-05-13 16:00:00-04:00,9.89,9.99,9.89,9.92,14282
2010-05-14 16:00:00-04:00,9.92,9.9299,9.73,9.8,59776
2010-05-17 16:00:00-04:00,9.81,9.8223,9.636,9.82,51335
2010-05-18 16:00:00-04:00,9.85,9.88,9.73,9.8,25758
2010-05-19 16:00:00-04:00,9.68,9.8,9.63,9.75,24697
2010-05-20 16:00:00-04:00,9.71,9.74,9.43,9.5078,59933
2010-05-21 16:00:00-04:00,9.38,9.78,9.38,9.78,38586
2010-05-24 16:00:00-04:00,9.84,9.92,9.78,9.8,38193
2010-05-25 16:00:00-04:00,9.75,9.84,9.61,9.77,24286
2010-05-26 16:00:00-04:00,9.87,9.88,9.85,9.8699,9215
2010-05-27 16:00:00-04:00,9.93,10.06,9.83,9.95,31313
2010-05-28 16:00:00-04:00,9.98,10.01,9.9499,9.99,12970
2010-06-01 16:00:00-04:00,10.01,10.04,9.94,10.01,33783
2010-06-02 16:00:00-04:00,9.98,10.12,9.93,9.98,30289
2010-06-03 16:00:00-04:00,10.01,10.01,9.91,9.93,25140
2010-06-04 16:00:00-04:00,9.97,10.1,9.73,9.92,43064
2010-06-07 16:00:00-04:00,9.92,10.05,9.92,9.9664,20843
2010-06-08 16:00:00-04:00,9.96,10.05,9.96,10.01,15758
2010-06-09 16:00:00-04:00,9.86,9.96,9.86,9.9,36860
2010-06-10 16:00:00-04:00,10.0,10.01,9.92,9.99,18538
2010-06-11 16:00:00-04:00,9.965,9.97,9.9,9.9,23569
2010-06-14 16:00:00-04:00,9.94,9.94,9.9,9.9,54478
2010-06-15 16:00:00-04:00,9.92,9.94,9.78,9.82,64746
2010-06-16 16:00:00-04:00,9.79,9.84,9.77,9.78,23794
2010-06-17 16:00:00-04:00,9.83,9.96,9.8001,9.87,40553
2010-06-18 16:00:00-04:00,9.82,9.95,9.82,9.93,56573
2010-06-21 16:00:00-04:00,10.0,10.06,9.93,10.05,35812
2010-06-22 16:00:00-04:00,10.04,10.1,9.94,9.95,47330
2010-06-23 16:00:00-04:00,9.89,10.08,9.89,10.08,33760
2010-06-24 16:00:00-04:00,10.1,10.1,9.88,10.02,20480
2010-06-25 16:00:00-04:00,10.07,10.1,10.05,10.07,22310
2010-06-28 16:00:00-04:00,10.1,10.11,10.07,10.0825,46310
2010-06-29 16:00:00-04:00,10.12,10.13,10.019,10.1,40762
2010-06-30 16:00:00-04:00,10.08,10.13,10.04,10.13,10779
2010-07-01 16:00:00-04:00,10.09,10.13,10.02,10.02,26985
2010-07-02 16:00:00-04:00,10.1,10.1,9.98,10.0,26225
2010-07-06 16:00:00-04:00,10.0,10.05,9.95,9.97,40947
2010-07-07 16:00:00-04:00,9.95,10.02,9.93,10.02,34606
2010-07-08 16:00:00-04:00,9.98,9.98,9.84,9.87,44066
2010-07-09 16:00:00-04:00,9.87,9.92,9.79,9.92,56279
2010-07-12 16:00:00-04:00,9.92,9.94,9.85,9.87,30462
2010-07-13 16:00:00-04:00,9.89,9.98,9.86,9.96,25095
2010-07-14 16:00:00-04:00,9.9,9.95,9.87,9.93,29878
2010-07-15 16:00:00-04:00,9.86,9.93,9.82,9.88,43350
2010-07-16 16:00:00-04:00,9.84,9.89,9.82,9.87,24700
2010-07-19 16:00:00-04:00,9.84,9.93,9.84,9.92,20033
2010-07-20 16:00:00-04:00,9.89,10.06,9.89,10.06,29310
2010-07-21 16:00:00-04:00,10.05,10.065,9.95,9.95,23399
2010-07-22 16:00:00-04:00,9.96,10.06,9.95,9.99,24760
2010-07-23 16:00:00-04:00,9.99,10.04,9.95,9.95,40220
2010-07-26 16:00:00-04:00,9.96,9.99,9.94,9.94,39188
2010-07-27 16:00:00-04:00,9.92,10.1,9.9,10.1,81353
2010-07-28 16:00:00-04:00,10.1,10.1,10.05,10.0501,26839
2010-07-29 16:00:00-04:00,10.06,10.0875,9.99,10.0618,32053
2010-07-30 16:00:00-04:00,10.04,10.07,9.99,10.03,19553
2010-08-02 16:00:00-04:00,10.1,10.1,10.0,10.08,60240
2010-08-03 16:00:00-04:00,10.07,10.56,10.06,10.32,209423
2010-08-04 16:00:00-04:00,10.32,10.53,10.32,10.39,56282
2010-08-05 16:00:00-04:00,10.39,10.41,10.33,10.37,34549
2010-08-06 16:00:00-04:00,10.37,10.49,10.34,10.34,24574
2010-08-09 16:00:00-04:00,10.32,10.39,10.3,10.39,21971
2010-08-10 16:00:00-04:00,10.33,10.39,10.33,10.39,18525
2010-08-11 16:00:00-04:00,10.36,10.36,10.07,10.16,98160
2010-08-12 16:00:00-04:00,10.09,10.15,9.82,10.03,265740
2010-08-13 16:00:00-04:00,10.02,10.12,10.02,10.07,58426
2010-08-16 16:00:00-04:00,10.08,10.09,10.01,10.02,56463
2010-08-17 16:00:00-04:00,10.04,10.0494,9.98,10.01,45169
2010-08-18 16:00:00-04:00,10.02,10.09,10.01,10.09,15480
2010-08-19 16:00:00-04:00,10.09,10.11,10.01,10.05,23450
2010-08-20 16:00:00-04:00,10.02,10.11,10.02,10.07,31996
2010-08-23 16:00:00-04:00,10.12,10.12,10.03,10.03,38139
2010-08-24 16:00:00-04:00,10.03,10.11,10.0,10.05,46320
2010-08-25 16:00:00-04:00,10.0,10.05,10.0,10.01,78377
2010-08-26 16:00:00-04:00,10.01,10.07,10.0,10.0,37561
2010-08-27 16:00:00-04:00,10.02,10.07,10.02,10.04,17774
2010-08-30 16:00:00-04:00,10.03,10.1,10.03,10.09,25894
2010-08-31 16:00:00-04:00,10.09,10.14,10.083,10.12,24254
2010-09-01 16:00:00-04:00,10.15,10.19,10.11,10.18,32278
2010-09-02 16:00:00-04:00,10.14,10.2,10.14,10.16,21912
2010-09-03 16:00:00-04:00,10.18,10.3,10.15,10.29,38203
2010-09-07 16:00:00-04:00,10.29,10.29,10.2,10.29,15594
2010-09-08 16:00:00-04:00,10.39,10.41,10.23,10.25,36973
2010-09-09 16:00:00-04:00,10.26,10.287,10.22,10.28,15915
2010-09-10 16:00:00-04:00,10.21,10.29,10.14,10.14,37840
2010-09-13 16:00:00-04:00,10.2,10.21,10.05,10.1,42729
2010-09-14 16:00:00-04:00,10.04,10.1,10.04,10.09,54352
2010-09-15 16:00:00-04:00,10.07,10.12,10.04,10.05,70759
2010-09-16 16:00:00-04:00,10.05,10.21,10.02,10.2,37594
2010-09-17 16:00:00-04:00,10.18,10.25,10.18,10.19,30926
2010-09-20 16:00:00-04:00,10.24,10.29,10.22,10.25,79598
2010-09-21 16:00:00-04:00,10.26,10.29,10.22,10.24,31132
2010-09-22 16:00:00-04:00,10.23,10.3299,10.23,10.27,30587
2010-09-23 16:00:00-04:00,10.32,10.39,10.3,10.36,29867
2010-09-24 16:00:00-04:00,10.34,10.39,10.31,10.36,36854
2010-09-27 16:00:00-04:00,10.37,10.42,10.3,10.39,62300
2010-09-28 16:00:00-04:00,10.36,10.44,10.3,10.37,97190
2010-09-29 16:00:00-04:00,10.39,10.42,10.35,10.35,28370
2010-09-30 16:00:00-04:00,10.33,10.46,10.33,10.39,19426
2010-10-01 16:00:00-04:00,10.44,10.47,10.36,10.45,48673
2010-10-04 16:00:00-04:00,10.45,10.5,10.43,10.4599,24224
2010-10-05 16:00:00-04:00,10.43,10.4699,10.3,10.3,52301
2010-10-06 16:00:00-04:00,10.27,10.31,10.27,10.28,37706
2010-10-07 16:00:00-04:00,10.29,10.39,10.27,10.27,37559
2010-10-08 16:00:00-04:00,10.34,10.38,10.26,10.26,19464
2010-10-11 16:00:00-04:00,10.28,10.38,10.27,10.3552,34958
2010-10-12 16:00:00-04:00,10.33,10.35,10.27,10.27,39067
2010-10-13 16:00:00-04:00,10.31,10.31,10.25,10.3,12752
2010-10-14 16:00:00-04:00,10.26,10.34,10.26,10.27,17148
2010-10-15 16:00:00-04:00,10.3,10.34,10.26,10.26,27393
2010-10-18 16:00:00-04:00,10.31,10.34,10.15,10.2,37542
2010-10-19 16:00:00-04:00,10.21,10.27,10.15,10.15,47879
2010-10-20 16:00:00-04:00,10.04,10.152,10.03,10.14,91412
2010-10-21 16:00:00-04:00,10.11,10.2,10.11,10.14,33349
2010-10-22 16:00:00-04:00,10.11,10.16,10.1,10.1,52568
2010-10-25 16:00:00-04:00,10.05,10.1988,10.05,10.13,45333
2010-10-26 16:00:00-04:00,10.11,10.15,10.1,10.14,28417
2010-10-27 16:00:00-04:00,10.1,10.18,10.08,10.08,47598
2010-10-28 16:00:00-04:00,10.09,10.1,10.03,10.09,46336
2010-10-29 16:00:00-04:00,10.15,10.15,10.09,10.14,26266
2010-11-01 16:00:00-04:00,10.22,10.25,10.14,10.2,26487
2010-11-02 16:00:00-04:00,10.17,10.27,10.17,10.2,44560
2010-11-03 16:00:00-04:00,10.17,10.2,10.141,10.15,31656
2010-11-04 16:00:00-04:00,10.16,10.2499,10.12,10.17,45087
2010-11-05 16:00:00-04:00,10.23,10.23,10.13,10.2,43503
2010-11-08 16:00:00-05:00,10.15,10.1899,10.02,10.04,54641
2010-11-09 16:00:00-05:00,10.0,10.0,9.79,9.94,93953
2010-11-10 16:00:00-05:00,9.91,9.95,9.49,9.55,151520
2010-11-11 16:00:00-05:00,9.55,9.82,9.11,9.52,425092
2010-11-12 16:00:00-05:00,9.42,9.66,9.3,9.55,114659
2010-11-15 16:00:00-05:00,9.49,9.5,8.84,8.99,243731
2010-11-16 16:00:00-05:00,8.9,9.23,8.33,9.01,477142
2010-11-17 16:00:00-05:00,9.07,9.17,8.906,9.02,118399
2010-11-18 16:00:00-05:00,9.02,9.02,8.65,8.979,227843
2010-11-19 16:00:00-05:00,8.99,9.14,8.99,9.04,147190
2010-11-22 16:00:00-05:00,9.09,9.34,9.0883,9.17,124739
2010-11-23 16:00:00-05:00,9.2,9.29,9.19,9.22,44169
2010-11-24 16:00:00-05:00,9.2,9.324,9.2,9.31,43732
2010-11-26 13:00:00-05:00,9.31,9.41,9.31,9.36,15067
2010-11-29 16:00:00-05:00,9.36,9.4,9.33,9.4,34525
2010-11-30 16:00:00-05:00,9.4,9.48,9.32,9.35,57176
2010-12-01 16:00:00-05:00,9.44,9.44,9.02,9.06,86871
2010-12-02 16:00:00-05:00,9.06,9.15,8.83,8.93,223598
2010-12-03 16:00:00-05:00,8.85,9.15,8.85,9.09,87634
2010-12-06 16:00:00-05:00,9.07,9.11,8.85,9.11,107035
2010-12-07 16:00:00-05:00,9.04,9.04,8.8,8.84,111310
2010-12-08 16:00:00-05:00,8.8,8.87,8.61,8.77,88699
2010-12-09 16:00:00-05:00,8.68,8.8,8.58,8.72,153217
2010-12-10 16:00:00-05:00,8.57,8.64,8.42,8.64,132727
2010-12-13 16:00:00-05:00,8.54,8.62,8.43,8.6002,142730
2010-12-14 16:00:00-05:00,8.61,8.87,8.55,8.8,299337
2010-12-15 16:00:00-05:00,8.71,8.89,8.59,8.86,158073
2010-12-16 16:00:00-05:00,8.85,9.3,8.84,9.2,177342
2010-12-17 16:00:00-05:00,9.29,9.53,9.24,9.29,109296
2010-12-20 16:00:00-05:00,9.26,9.2744,8.82,8.97,207052
2010-12-21 16:00:00-05:00,8.86,9.0999,8.85,8.97,111855
2010-12-22 16:00:00-05:00,9.1,9.11,9.0436,9.06,127169
2010-12-23 16:00:00-05:00,9.03,9.07,8.86,8.87,84876
2010-12-27 16:00:00-05:00,8.82,9.03,8.77,9.01,86527
2010-12-28 16:00:00-05:00,8.95,9.04,8.9,8.96,62756
2010-12-29 16:00:00-05:00,9.0,9.02,8.91,8.97,85125
2010-12-30 16:00:00-05:00,8.91,9.0,8.89,8.91,112955
2010-12-31 16:00:00-05:00,8.96,9.15,8.93,9.01,69732
2011-01-03 16:00:00-05:00,9.02,9.05,8.91,9.05,45087
2011-01-04 16:00:00-05:00,8.99,9.1023,8.99,9.08,21790
2011-01-05 16:00:00-05:00,9.03,9.1,8.99,8.99,116837
2011-01-06 16:00:00-05:00,8.95,8.98,8.91,8.948,50546
2011-01-07 16:00:00-05:00,8.98,8.9899,8.91,8.94,28875
2011-01-10 16:00:00-05:00,8.93,8.94,8.78,8.84,110604
2011-01-11 16:00:00-05:00,8.77,8.84,8.74,8.7619,64783
2011-01-12 16:00:00-05:00,8.72,8.76,8.7,8.7,91727
2011-01-13 16:00:00-05:00,8.62,8.73,8.58,8.66,115340
2011-01-14 16:00:00-05:00,8.65,8.67,8.49,8.65,304965
2011-01-18 16:00:00-05:00,8.73,8.74,8.55,8.73,96498
2011-01-19 16:00:00-05:00,8.71,8.75,8.55,8.74,84416
2011-01-20 16:00:00-05:00,8.6,8.79,8.6,8.78,69541
2011-01-21 16:00:00-05:00,8.89,8.98,8.84,8.86,102206
2011-01-24 16:00:00-05:00,9.19,9.21,8.8,8.89,66112
2011-01-25 16:00:00-05:00,8.9,8.98,8.86,8.9,51308
2011-01-26 16:00:00-05:00,8.89,8.9235,8.82,8.87,52597
2011-01-27 16:00:00-05:00,8.85,8.85,8.77,8.8,46745
2011-01-28 16:00:00-05:00,8.82,8.84,8.78,8.7842,52989
2011-01-31 16:00:00-05:00,8.8,8.8262,8.73,8.8,202788
2011-02-01 16:00:00-05:00,8.84,8.94,8.8208,8.93,45890
2011-02-02 16:00:00-05:00,8.9,8.95,8.85,8.92,32711
2011-02-03 16:00:00-05:00,8.88,8.98,8.87,8.9016,32823
2011-02-04 16:00:00-05:00,8.86,8.9101,8.86,8.89,16688
2011-02-07 16:00:00-05:00,8.86,8.94,8.8,8.85,51484
2011-02-08 16:00:00-05:00,8.83,8.87,8.75,8.76,66781
2011-02-09 16:00:00-05:00,8.73,8.74,8.69,8.7,33107
2011-02-10 16:00:00-05:00,8.7,8.75,8.63,8.73,37472
2011-02-11 16:00:00-05:00,8.75,8.87,8.68,8.78,44393
2011-02-14 16:00:00-05:00,8.78,8.86,8.73,8.83,48271
2011-02-15 16:00:00-05:00,8.77,8.96,8.77,8.84,66788
2011-02-16 16:00:00-05:00,8.79,8.89,8.76,8.8,72245
2011-02-17 16:00:00-05:00,8.78,8.8832,8.78,8.87,66327
2011-02-18 16:00:00-05:00,8.93,8.94,8.87,8.93,35738
2011-02-22 16:00:00-05:00,8.82,8.95,8.82,8.88,85258
2011-02-23 16:00:00-05:00,8.88,8.95,8.84,8.9,41991
2011-02-24 16:00:00-05:00,8.9,8.9,8.84,8.87,16562
2011-02-25 16:00:00-05:00,8.85,8.92,8.85,8.9,30648
2011-02-28 16:00:00-05:00,8.9,9.04,8.88,8.97,60404
2011-03-01 16:00:00-05:00,9.05,9.09,8.99,9.09,53413
2011-03-02 16:00:00-05:00,9.05,9.13,9.05,9.0901,31121
2011-03-03 16:00:00-05:00,9.16,9.19,9.04,9.05,44227
2011-03-04 16:00:00-05:00,9.01,9.02,8.96,8.9701,50723
2011-03-07 16:00:00-05:00,8.99,9.19,8.98,9.134,58170
2011-03-08 16:00:00-05:00,9.09,9.24,9.06,9.23,41458
2011-03-09 16:00:00-05:00,9.17,9.17,9.0,9.04,37762
2011-03-10 16:00:00-05:00,9.05,9.05,8.92,8.96,95821
2011-03-11 16:00:00-05:00,9.01,9.03,8.94,9.03,31272
2011-03-14 16:00:00-04:00,9.07,9.07,8.92,8.99,62100
2011-03-15 16:00:00-04:00,8.94,8.95,8.89,8.93,30808
2011-03-16 16:00:00-04:00,8.94,8.98,8.94,8.95,12598
2011-03-17 16:00:00-04:00,8.96,9.09,8.96,9.0,30026
2011-03-18 16:00:00-04:00,9.01,9.05,9.0,9.02,26718
2011-03-21 16:00:00-04:00,9.0,9.05,8.99,9.01,37695
2011-03-22 16:00:00-04:00,8.99,9.04,8.99,9.01,33277
2011-03-23 16:00:00-04:00,9.0,9.03,9.0,9.01,25517
2011-03-24 16:00:00-04:00,9.01,9.07,8.95,8.99,89454
2011-03-25 16:00:00-04:00,8.98,9.07,8.98,9.0,21837
2011-03-28 16:00:00-04:00,9.0,9.05,9.0,9.03,25654
2011-03-29 16:00:00-04:00,9.02,9.06,9.01,9.05,13103
2011-03-30 16:00:00-04:00,9.01,9.07,9.0,9.0,21389
2011-03-31 16:00:00-04:00,9.0,9.04,8.98,9.03,16411
2011-04-01 16:00:00-04:00,9.06,9.06,9.0,9.01,27472
2011-04-04 16:00:00-04:00,9.05,9.0664,9.02,9.06,24557
2011-04-05 16:00:00-04:00,9.02,9.04,9.0,9.01,45345
2011-04-06 16:00:00-04:00,9.0,9.05,8.99,9.04,21348
2011-04-07 16:00:00-04:00,9.0,9.04,8.99,9.03,20921
2011-04-08 16:00:00-04:00,9.01,9.01,8.94,8.952,54483
2011-04-11 16:00:00-04:00,8.96,8.96,8.84,8.88,54272
2011-04-12 16:00:00-04:00,8.91,8.99,8.82,8.92,69460
2011-04-13 16:00:00-04:00,8.88,8.9022,8.85,8.9022,18348
2011-04-14 16:00:00-04:00,8.83,8.9,8.82,8.87,37152
2011-04-15 16:00:00-04:00,8.92,8.92,8.82,8.84,16988
2011-04-18 16:00:00-04:00,8.81,8.85,8.79,8.8,21233
2011-04-19 16:00:00-04:00,8.77,8.86,8.77,8.84,31049
2011-04-20 16:00:00-04:00,8.86,8.89,8.84,8.86,35772
2011-04-21 16:00:00-04:00,8.85,8.88,8.84,8.8501,48960
2011-04-25 16:00:00-04:00,8.89,8.89,8.85,8.87,26204
2011-04-26 16:00:00-04:00,8.88,8.9,8.86,8.87,42327
2011-04-27 16:00:00-04:00,8.88,8.88,8.86,8.86,43946
2011-04-28 16:00:00-04:00,8.89,8.9,8.86,8.86,64473
2011-04-29 16:00:00-04:00,8.86,8.89,8.86,8.88,40159
2011-05-02 16:00:00-04:00,8.88,8.94,8.88,8.9,23299
2011-05-03 16:00:00-04:00,8.89,8.9501,8.89,8.93,31383
2011-05-04 16:00:00-04:00,8.92,8.98,8.92,8.98,15103
2011-05-05 16:00:00-04:00,9.0,9.03,8.96,9.0,48841
2011-05-06 16:00:00-04:00,9.0,9.04,8.97,9.01,47459
2011-05-09 16:00:00-04:00,9.04,9.07,9.02,9.05,38483
2011-05-10 16:00:00-04:00,9.02,9.26,8.97,9.07,157361
2011-05-11 16:00:00-04:00,9.07,9.07,9.01,9.04,40932
2011-05-12 16:00:00-04:00,9.02,9.18,9.01,9.03,43336
2011-05-13 16:00:00-04:00,9.02,9.08,9.0,9.0,31315
2011-05-16 16:00:00-04:00,9.01,9.1,9.0,9.0,35567
2011-05-17 16:00:00-04:00,9.0,9.05,8.98,9.04,39118
2011-05-18 16:00:00-04:00,9.02,9.1,9.02,9.02,17155
2011-05-19 16:00:00-04:00,9.02,9.15,9.02,9.08,36191
2011-05-20 16:00:00-04:00,9.12,9.17,9.08,9.16,40201
2011-05-23 16:00:00-04:00,9.12,9.22,9.11,9.17,29202
2011-05-24 16:00:00-04:00,9.19,9.194,9.12,9.15,43612
2011-05-25 16:00:00-04:00,9.14,9.15,9.08,9.14,34071
2011-05-26 16:00:00-04:00,9.13,9.21,9.13,9.15,39084
2011-05-27 16:00:00-04:00,9.12,9.2,9.12,9.19,40750
2011-05-31 16:00:00-04:00,9.18,9.22,9.16,9.18,39790
2011-06-01 16:00:00-04:00,9.2,9.23,9.08,9.11,131345
2011-06-02 16:00:00-04:00,9.13,9.14,9.11,9.14,40396
2011-06-03 16:00:00-04:00,9.12,9.1699,9.12,9.13,37117
2011-06-06 16:00:00-04:00,9.14,9.16,9.11,9.13,36649
2011-06-07 16:00:00-04:00,9.15,9.15,9.1,9.1,48116
2011-06-08 16:00:00-04:00,9.12,9.12,9.1,9.1,52003
2011-06-09 16:00:00-04:00,9.08,9.11,8.99,9.09,36938
2011-06-10 16:00:00-04:00,9.08,9.08,9.03,9.05,53665
2011-06-13 16:00:00-04:00,9.07,9.07,8.94,8.94,58458
2011-06-14 16:00:00-04:00,8.95,8.99,8.95,8.96,42121
2011-06-15 16:00:00-04:00,8.96,8.96,8.85,8.88,58041
2011-06-16 16:00:00-04:00,8.87,8.91,8.85,8.88,38615
2011-06-17 16:00:00-04:00,8.88,8.94,8.86,8.92,34230
2011-06-20 16:00:00-04:00,8.9,9.06,8.89,9.05,42426
2011-06-21 16:00:00-04:00,9.06,9.13,9.054,9.13,51854
2011-06-22 16:00:00-04:00,9.14,9.19,9.11,9.19,26431
2011-06-23 16:00:00-04:00,9.15,9.1828,9.1395,9.15,26713
2011-06-24 16:00:00-04:00,9.18,9.18,9.11,9.15,17965
2011-06-27 16:00:00-04:00,9.17,9.19,9.12,9.12,21316
2011-06-28 16:00:00-04:00,9.11,9.218,9.11,9.14,48464
2011-06-29 16:00:00-04:00,9.14,9.24,9.14,9.21,40108
2011-06-30 16:00:00-04:00,9.22,9.23,9.15,9.22,16185
2011-07-01 16:00:00-04:00,9.26,9.2801,9.2,9.24,41967
2011-07-05 16:00:00-04:00,9.29,9.3328,9.25,9.3,32671
2011-07-06 16:00:00-04:00,9.31,9.34,9.29,9.34,16962
2011-07-07 16:00:00-04:00,9.3,9.31,9.26,9.3,35979
2011-07-08 16:00:00-04:00,9.3,9.35,9.3,9.32,24754
2011-07-11 16:00:00-04:00,9.32,9.34,9.27,9.28,39868
2011-07-12 16:00:00-04:00,9.27,9.27,9.14,9.17,56923
2011-07-13 16:00:00-04:00,9.15,9.23,9.15,9.18,32668
2011-07-14 16:00:00-04:00,9.22,9.22,9.16,9.19,35569
2011-07-15 16:00:00-04:00,9.16,9.18,9.1,9.13,34802
2011-07-18 16:00:00-04:00,9.1,9.16,9.05,9.09,27488
2011-07-19 16:00:00-04:00,9.07,9.13,9.06,9.07,17546
2011-07-20 16:00:00-04:00,9.12,9.13,9.05,9.12,27317
2011-07-21 16:00:00-04:00,9.11,9.22,9.11,9.18,25276
2011-07-22 16:00:00-04:00,9.17,9.25,9.1699,9.1699,50278
2011-07-25 16:00:00-04:00,9.17,9.19,9.06,9.109,29859
2011-07-26 16:00:00-04:00,9.1,9.14,9.1,9.12,23028
2011-07-27 16:00:00-04:00,9.12,9.12,9.02,9.02,47602
2011-07-28 16:00:00-04:00,8.99,9.1,8.95,9.06,27636
2011-07-29 16:00:00-04:00,8.96,9.07,8.95,9.0,46210
2011-08-01 16:00:00-04:00,9.14,9.16,9.06,9.16,33062
2011-08-02 16:00:00-04:00,9.14,9.25,9.14,9.22,24438
2011-08-03 16:00:00-04:00,9.23,9.28,9.06,9.25,48659
2011-08-04 16:00:00-04:00,9.25,9.32,8.96,9.18,119588
2011-08-05 16:00:00-04:00,9.14,9.18,8.95,9.13,103152
2011-08-08 16:00:00-04:00,9.02,9.06,8.7,8.86,387489
2011-08-09 16:00:00-04:00,8.88,9.06,8.78,9.06,183126
2011-08-10 16:00:00-04:00,9.11,9.18,8.99,9.17,49046
2011-08-11 16:00:00-04:00,9.05,9.17,9.0333,9.17,26309
2011-08-12 16:00:00-04:00,9.2,9.25,9.19,9.25,35033
2011-08-15 16:00:00-04:00,9.32,9.35,9.26,9.273,62122
2011-08-16 16:00:00-04:00,9.29,9.29,9.2014,9.28,28522
2011-08-17 16:00:00-04:00,9.29,9.35,9.26,9.35,21462
2011-08-18 16:00:00-04:00,9.32,9.32,9.1,9.18,59633
2011-08-19 16:00:00-04:00,9.12,9.25,9.11,9.2,59443
2011-08-22 16:00:00-04:00,9.29,9.3,9.2,9.25,13992
2011-08-23 16:00:00-04:00,9.26,9.28,9.2,9.25,32327
2011-08-24 16:00:00-04:00,9.22,9.27,9.11,9.11,48914
2011-08-25 16:00:00-04:00,9.13,9.27,9.1275,9.17,64335
2011-08-26 16:00:00-04:00,9.17,9.21,9.15,9.17,11874
2011-08-29 16:00:00-04:00,9.24,9.25,9.17,9.21,22589
2011-08-30 16:00:00-04:00,9.26,9.334,9.26,9.31,33637
2011-08-31 16:00:00-04:00,9.35,9.35,9.2997,9.34,23683
2011-09-01 16:00:00-04:00,9.38,9.4,9.34,9.37,22185
2011-09-02 16:00:00-04:00,9.34,9.44,9.27,9.4,52845
2011-09-06 16:00:00-04:00,9.37,9.5,9.37,9.47,20248
2011-09-07 16:00:00-04:00,9.49,9.55,9.42,9.51,37087
2011-09-08 16:00:00-04:00,9.46,9.54,9.45,9.51,43591
2011-09-09 16:00:00-04:00,9.52,9.58,9.42,9.55,45129
2011-09-12 16:00:00-04:00,9.51,9.62,9.51,9.61,44203
2011-09-13 16:00:00-04:00,9.59,9.63,9.5788,9.59,21750
2011-09-14 16:00:00-04:00,9.59,9.6,9.5,9.5,26608
2011-09-15 16:00:00-04:00,9.5,9.54,9.47,9.49,31884
2011-09-16 16:00:00-04:00,9.51,9.52,9.45,9.45,16378
2011-09-19 16:00:00-04:00,9.45,9.48,9.42,9.42,8984
2011-09-20 16:00:00-04:00,9.45,9.69,9.45,9.65,47673
2011-09-21 16:00:00-04:00,9.61,9.7,9.61,9.65,29581
2011-09-22 16:00:00-04:00,9.62,9.72,9.62,9.67,26011
2011-09-23 16:00:00-04:00,9.69,9.69,9.62,9.68,31036
2011-09-26 16:00:00-04:00,9.68,9.69,9.62,9.66,30087
2011-09-27 16:00:00-04:00,9.74,9.74,9.63,9.69,33465
2011-09-28 16:00:00-04:00,9.67,9.7,9.64,9.69,44361
2011-09-29 16:00:00-04:00,9.68,9.7,9.52,9.52,36755
2011-09-30 16:00:00-04:00,9.51,9.57,9.51,9.53,25458
2011-10-03 16:00:00-04:00,9.54,9.65,9.54,9.62,36969
2011-10-04 16:00:00-04:00,9.57,9.57,9.42,9.45,51559
2011-10-05 16:00:00-04:00,9.49,9.54,9.43,9.4399,29584
2011-10-06 16:00:00-04:00,9.44,9.44,9.42,9.44,17278
2011-10-07 16:00:00-04:00,9.43,9.44,9.42,9.42,21372
2011-10-10 16:00:00-04:00,9.44,9.45,9.32,9.36,62251
2011-10-11 16:00:00-04:00,9.27,9.35,9.21,9.27,40013
2011-10-12 16:00:00-04:00,9.28,9.28,9.2,9.23,29463
2011-10-13 16:00:00-04:00,9.26,9.32,9.2,9.32,23068
2011-10-14 16:00:00-04:00,9.36,9.418,9.34,9.39,49291
2011-10-17 16:00:00-04:00,9.41,9.4104,9.38,9.4,10701
2011-10-18 16:00:00-04:00,9.39,9.43,9.38,9.4096,15720
2011-10-19 16:00:00-04:00,9.25,9.38,9.23,9.36,64943
2011-10-20 16:00:00-04:00,9.34,9.38,9.31,9.31,17736
2011-10-21 16:00:00-04:00,9.33,9.44,9.31,9.35,27971
2011-10-24 16:00:00-04:00,9.35,9.41,9.33,9.41,25216
2011-10-25 16:00:00-04:00,9.38,9.4,9.35,9.38,19645
2011-10-26 16:00:00-04:00,9.4,9.4,9.35,9.37,27386
2011-10-27 16:00:00-04:00,9.45,9.46,9.38,9.38,28384
2011-10-28 16:00:00-04:00,9.36,9.4,9.34,9.39,10000
2011-10-31 16:00:00-04:00,9.39,9.4,9.35,9.36,30376
2011-11-01 16:00:00-04:00,9.4,9.45,9.33,9.4,36753
2011-11-02 16:00:00-04:00,9.41,9.458,9.402,9.43,26805
2011-11-03 16:00:00-04:00,9.45,9.5,9.433,9.44,20471
2011-11-04 16:00:00-04:00,9.49,9.5,9.41,9.41,24150
2011-11-07 16:00:00-05:00,9.46,9.55,9.43,9.48,22262
2011-11-08 16:00:00-05:00,9.5,9.5199,9.48,9.49,33366
2011-11-09 16:00:00-05:00,9.48,9.52,9.44,9.45,49328
2011-11-10 16:00:00-05:00,9.53,9.53,9.43,9.45,35082
2011-11-11 16:00:00-05:00,9.5,9.5,9.45,9.46,19756
2011-11-14 16:00:00-05:00,9.45,9.46,9.41,9.42,42035
2011-11-15 16:00:00-05:00,9.42,9.42,9.3566,9.36,52855
2011-11-16 16:00:00-05:00,9.39,9.4,9.35,9.35,21309
2011-11-17 16:00:00-05:00,9.33,9.42,9.33,9.3801,22386
2011-11-18 16:00:00-05:00,9.37,9.4399,9.36,9.42,11278
2011-11-21 16:00:00-05:00,9.43,9.45,9.37,9.42,40400
2011-11-22 16:00:00-05:00,9.42,9.48,9.39,9.43,31432
2011-11-23 16:00:00-05:00,9.43,9.44,9.41,9.42,16722
2011-11-25 13:00:00-05:00,9.44,9.46,9.44,9.44,2168
2011-11-28 16:00:00-05:00,9.45,9.5,9.41,9.42,24683
2011-11-29 16:00:00-05:00,9.42,9.44,9.4,9.41,22032
2011-11-30 16:00:00-05:00,9.42,9.43,9.38,9.42,12344
2011-12-01 16:00:00-05:00,9.4,9.44,9.3904,9.44,37284
2011-12-02 16:00:00-05:00,9.46,9.49,9.4,9.48,42885
2011-12-05 16:00:00-05:00,9.44,9.5,9.44,9.49,26492
2011-12-06 16:00:00-05:00,9.45,9.53,9.45,9.48,26837
2011-12-07 16:00:00-05:00,9.53,9.58,9.52,9.58,37162
2011-12-08 16:00:00-05:00,9.53,9.61,9.52,9.55,57031
2011-12-09 16:00:00-05:00,9.56,9.56,9.52,9.52,19087
2011-12-12 16:00:00-05:00,9.53,9.58,9.5,9.53,28775
2011-12-13 16:00:00-05:00,9.53,9.53,9.5,9.53,31696
2011-12-14 16:00:00-05:00,9.55,9.64,9.53,9.6,58887
2011-12-15 16:00:00-05:00,9.58,9.65,9.57,9.65,53833
2011-12-16 16:00:00-05:00,9.64,9.7,9.62,9.7,35270
2011-12-19 16:00:00-05:00,9.7,9.72,9.6801,9.71,22820
2011-12-20 16:00:00-05:00,9.72,9.77,9.716,9.75,34931
2011-12-21 16:00:00-05:00,9.74,9.76,9.71,9.74,40797
2011-12-22 16:00:00-05:00,9.75,9.88,9.74,9.79,46522
2011-12-23 16:00:00-05:00,9.77,9.93,9.77,9.8068,54406
2011-12-27 16:00:00-05:00,9.8,9.85,9.68,9.69,103687
2011-12-28 16:00:00-05:00,9.73,9.77,9.71,9.75,35505
2011-12-29 16:00:00-05:00,9.77,9.78,9.7,9.75,43536
2011-12-30 16:00:00-05:00,9.78,9.79,9.75,9.76,20329
2012-01-03 16:00:00-05:00,9.8,9.89,9.78,9.88,30203
2012-01-04 16:00:00-05:00,9.79,9.9,9.79,9.9,53612
2012-01-05 16:00:00-05:00,9.91,9.94,9.8899,9.89,30145
2012-01-06 16:00:00-05:00,9.95,9.99,9.93,9.99,53342
2012-01-09 16:00:00-05:00,9.99,10.05,9.99,10.04,59165
2012-01-10 16:00:00-05:00,10.08,10.1,9.95,10.04,51000
2012-01-11 16:00:00-05:00,10.0,10.0301,9.95,10.03,34261
2012-01-12 16:00:00-05:00,10.08,10.1,10.02,10.05,39476
2012-01-13 16:00:00-05:00,10.1,10.16,10.1,10.134,31391
2012-01-17 16:00:00-05:00,10.17,10.18,10.09,10.16,30541
2012-01-18 16:00:00-05:00,10.16,10.26,10.16,10.24,76104
2012-01-19 16:00:00-05:00,10.19,10.236,10.14,10.16,88026
2012-01-20 16:00:00-05:00,10.17,10.22,10.1505,10.22,44587
2012-01-23 16:00:00-05:00,10.21,10.47,10.21,10.4,120005
2012-01-24 16:00:00-05:00,10.36,10.38,10.28,10.38,45509
2012-01-25 16:00:00-05:00,10.38,10.48,10.37,10.45,32006
2012-01-26 16:00:00-05:00,10.45,10.6601,10.45,10.55,78510
2012-01-27 16:00:00-05:00,10.6,10.94,10.5601,10.87,94878
2012-01-30 16:00:00-05:00,10.87,10.98,10.8,10.98,76964
2012-01-31 16:00:00-05:00,11.01,11.05,10.84,10.84,60201
2012-02-01 16:00:00-05:00,10.85,10.98,10.64,10.69,176308
2012-02-02 16:00:00-05:00,10.73,10.808,10.73,10.73,30036
2012-02-03 16:00:00-05:00,10.76,10.816,10.67,10.74,44760
2012-02-06 16:00:00-05:00,10.81,10.81,10.71,10.79,24782
2012-02-07 16:00:00-05:00,10.76,10.76,10.59,10.61,71569
2012-02-08 16:00:00-05:00,10.58,10.7,10.58,10.62,74267
2012-02-09 16:00:00-05:00,10.59,10.6888,10.59,10.6,29412
2012-02-10 16:00:00-05:00,10.6,10.65,10.59,10.63,14605
2012-02-13 16:00:00-05:00,10.67,10.68,10.62,10.65,14635
2012-02-14 16:00:00-05:00,10.62,10.64,10.51,10.51,43174
2012-02-15 16:00:00-05:00,10.48,10.62,10.45,10.55,32470
2012-02-16 16:00:00-05:00,10.55,10.56,10.42,10.44,57321
2012-02-17 16:00:00-05:00,10.44,10.5,10.375,10.42,49682
2012-02-21 16:00:00-05:00,10.4,10.6,10.4,10.42,85348
2012-02-22 16:00:00-05:00,10.42,10.45,10.25,10.25,100096
2012-02-23 16:00:00-05:00,10.28,10.32,10.24,10.28,52989
2012-02-24 16:00:00-05:00,10.26,10.35,10.26,10.31,38679
2012-02-27 16:00:00-05:00,10.35,10.46,10.35,10.43,41523
2012-02-28 16:00:00-05:00,10.48,10.5,10.41,10.46,21056
2012-02-29 16:00:00-05:00,10.44,10.54,10.44,10.5,21375
2012-03-01 16:00:00-05:00,10.55,10.58,10.51,10.58,72290
2012-03-02 16:00:00-05:00,10.59,10.6,10.52,10.56,40492
2012-03-05 16:00:00-05:00,10.55,10.6,10.5401,10.6,24087
2012-03-06 16:00:00-05:00,10.55,10.58,10.53,10.56,39777
2012-03-07 16:00:00-05:00,10.6,10.72,10.5899,10.72,78860
2012-03-08 16:00:00-05:00,10.62,10.72,10.57,10.66,71262
2012-03-09 16:00:00-05:00,10.69,10.72,10.61,10.67,63546
2012-03-12 16:00:00-04:00,10.67,10.73,10.67,10.72,31615
2012-03-13 16:00:00-04:00,10.72,10.77,10.68,10.77,35749
2012-03-14 16:00:00-04:00,10.76,10.76,10.4,10.43,122121
2012-03-15 16:00:00-04:00,10.45,10.45,10.0,10.09,256204
2012-03-16 16:00:00-04:00,10.03,10.08,9.75,9.93,180177
2012-03-19 16:00:00-04:00,9.99,10.19,9.84,10.104,60083
2012-03-20 16:00:00-04:00,10.09,10.15,9.9912,10.06,56102
2012-03-21 16:00:00-04:00,10.07,10.15,10.01,10.0599,59430
2012-03-22 16:00:00-04:00,10.04,10.16,10.04,10.05,73325
2012-03-23 16:00:00-04:00,10.07,10.14,10.05,10.05,50032
2012-03-26 16:00:00-04:00,10.08,10.09,10.0,10.0,45065
2012-03-27 16:00:00-04:00,10.01,10.13,10.0,10.13,32383
2012-03-28 16:00:00-04:00,10.16,10.35,10.16,10.35,28822
2012-03-29 16:00:00-04:00,10.35,10.39,10.32,10.35,23611
2012-03-30 16:00:00-04:00,10.34,10.41,10.3,10.4,19867
2012-04-02 16:00:00-04:00,10.45,10.51,10.41,10.42,49578
2012-04-03 16:00:00-04:00,10.43,10.49,10.386,10.49,34523
2012-04-04 16:00:00-04:00,10.49,10.54,10.45,10.54,22838
2012-04-05 16:00:00-04:00,10.58,10.59,10.42,10.52,26156
2012-04-09 16:00:00-04:00,10.56,10.59,10.5301,10.58,32836
2012-04-10 16:00:00-04:00,10.5,10.58,10.5,10.53,34210
2012-04-11 16:00:00-04:00,10.57,10.57,10.48,10.5,28530
2012-04-12 16:00:00-04:00,10.57,10.59,10.49,10.56,43561
2012-04-13 16:00:00-04:00,10.6,10.6,10.5299,10.59,13260
2012-04-16 16:00:00-04:00,10.58,10.62,10.57,10.6,22404
2012-04-17 16:00:00-04:00,10.59,10.6,10.54,10.58,30544
2012-04-18 16:00:00-04:00,10.59,10.69,10.54,10.55,55100
2012-04-19 16:00:00-04:00,10.63,10.64,10.56,10.6,35846
2012-04-20 16:00:00-04:00,10.55,10.63,10.54,10.63,48601
2012-04-23 16:00:00-04:00,10.66,10.74,10.64,10.71,57312
2012-04-24 16:00:00-04:00,10.74,10.7999,10.71,10.77,38986
2012-04-25 16:00:00-04:00,10.74,10.79,10.74,10.78,39839
2012-04-26 16:00:00-04:00,10.84,10.84,10.76,10.83,34623
2012-04-27 16:00:00-04:00,10.83,10.87,10.802,10.84,28241
2012-04-30 16:00:00-04:00,10.86,10.94,10.84,10.92,27704
2012-05-01 16:00:00-04:00,10.96,11.03,10.94,10.97,63788
2012-05-02 16:00:00-04:00,10.93,11.03,10.93,11.0,51485
2012-05-03 16:00:00-04:00,11.03,11.03,10.88,11.0,44348
2012-05-04 16:00:00-04:00,10.99,10.99,10.94,10.97,22498
2012-05-07 16:00:00-04:00,10.99,11.19,10.99,11.18,99605
2012-05-08 16:00:00-04:00,11.18,11.24,11.15,11.22,52184
2012-05-09 16:00:00-04:00,11.19,11.24,11.17,11.22,54896
2012-05-10 16:00:00-04:00,11.22,11.26,11.18,11.2,36640
2012-05-11 16:00:00-04:00,11.13,11.212,11.13,11.18,24008
2012-05-14 16:00:00-04:00,11.21,11.21,11.11,11.15,57689
2012-05-15 16:00:00-04:00,11.18,11.2,11.06,11.07,39661
2012-05-16 16:00:00-04:00,11.11,11.13,10.97,10.97,73056
2012-05-17 16:00:00-04:00,11.02,11.02,10.82,10.84,65514
2012-05-18 16:00:00-04:00,10.83,10.83,10.74,10.78,32331
2012-05-21 16:00:00-04:00,10.76,10.8073,10.63,10.72,78941
2012-05-22 16:00:00-04:00,10.72,10.79,10.7,10.79,34316
2012-05-23 16:00:00-04:00,10.83,10.89,10.751,10.89,23471
2012-05-24 16:00:00-04:00,10.84,10.9,10.8,10.9,13417
2012-05-25 16:00:00-04:00,10.85,10.86,10.77,10.83,44520
2012-05-29 16:00:00-04:00,10.8,10.82,10.7152,10.75,40429
2012-05-30 16:00:00-04:00,10.73,10.78,10.66,10.74,33570
2012-05-31 16:00:00-04:00,10.71,10.74,10.64,10.68,30349
2012-06-01 16:00:00-04:00,10.74,10.77,10.69,10.73,35145
2012-06-04 16:00:00-04:00,10.77,10.84,10.7,10.84,64292
2012-06-05 16:00:00-04:00,10.81,10.85,10.76,10.85,29305
2012-06-06 16:00:00-04:00,10.81,10.89,10.81,10.89,69551
2012-06-07 16:00:00-04:00,10.84,10.84,10.77,10.81,16196
2012-06-08 16:00:00-04:00,10.77,10.81,10.75,10.79,32892
2012-06-11 16:00:00-04:00,10.79,10.9455,10.78,10.84,25580
2012-06-12 16:00:00-04:00,10.85,10.87,10.7799,10.85,17316
2012-06-13 16:00:00-04:00,10.86,10.86,10.75,10.78,36582
2012-06-14 16:00:00-04:00,10.79,10.84,10.74,10.75,55787
2012-06-15 16:00:00-04:00,10.73,10.76,10.65,10.73,24210
2012-06-18 16:00:00-04:00,10.67,10.79,10.67,10.75,33258
2012-06-19 16:00:00-04:00,10.84,10.86,10.82,10.82,27722
2012-06-20 16:00:00-04:00,10.79,10.89,10.79,10.89,28424
2012-06-21 16:00:00-04:00,10.89,10.97,10.88,10.95,89327
2012-06-22 16:00:00-04:00,10.97,11.01,10.96,10.96,15973
2012-06-25 16:00:00-04:00,10.98,11.02,10.96,10.98,8282
2012-06-26 16:00:00-04:00,10.98,11.17,10.97,11.17,33627
2012-06-27 16:00:00-04:00,11.14,11.34,11.08,11.318,114110
2012-06-28 16:00:00-04:00,11.29,11.33,11.23,11.31,82188
2012-06-29 16:00:00-04:00,11.32,11.36,11.2803,11.36,23836
2012-07-02 16:00:00-04:00,11.41,11.54,11.37,11.46,84841
2012-07-03 13:00:00-04:00,11.44,11.58,11.44,11.58,28895
2012-07-05 16:00:00-04:00,11.58,11.6101,11.52,11.6014,50840
2012-07-06 16:00:00-04:00,11.6,11.73,11.6,11.72,61624
2012-07-09 16:00:00-04:00,11.67,11.92,11.67,11.8,54625
2012-07-10 16:00:00-04:00,11.74,11.76,11.5152,11.5152,78417
2012-07-11 16:00:00-04:00,11.59,11.68,11.48,11.51,45814
2012-07-12 16:00:00-04:00,11.49,11.4999,11.38,11.39,34646
2012-07-13 16:00:00-04:00,11.37,11.42,11.3,11.38,33225
2012-07-16 16:00:00-04:00,11.32,11.39,11.31,11.35,17168
2012-07-17 16:00:00-04:00,11.34,11.52,11.34,11.4801,68890
2012-07-18 16:00:00-04:00,11.53,11.53,11.3432,11.4,42886
2012-07-19 16:00:00-04:00,11.37,11.44,11.31,11.33,32623
2012-07-20 16:00:00-04:00,11.34,11.43,11.32,11.33,47783
2012-07-23 16:00:00-04:00,11.33,11.45,11.31,11.31,35869
2012-07-24 16:00:00-04:00,11.33,11.43,11.33,11.34,41938
2012-07-25 16:00:00-04:00,11.35,11.44,11.34,11.43,19535
2012-07-26 16:00:00-04:00,11.44,11.47,11.4,11.44,37714
2012-07-27 16:00:00-04:00,11.39,11.59,11.3801,11.45,41420
2012-07-30 16:00:00-04:00,11.49,11.49,11.38,11.41,13638
2012-07-31 16:00:00-04:00,11.4,11.51,11.3901,11.475,28946
2012-08-01 16:00:00-04:00,11.6,11.6,11.43,11.43,43601
2012-08-02 16:00:00-04:00,11.44,11.48,11.41,11.45,16667
2012-08-03 16:00:00-04:00,11.44,11.46,11.43,11.44,35711
2012-08-06 16:00:00-04:00,11.47,11.47,11.44,11.44,39989
2012-08-07 16:00:00-04:00,11.45,11.47,11.4,11.4,38556
2012-08-08 16:00:00-04:00,11.41,11.46,11.41,11.45,24891
2012-08-09 16:00:00-04:00,11.38,11.38,11.29,11.3,33504
2012-08-10 16:00:00-04:00,11.29,11.35,11.16,11.18,48893
2012-08-13 16:00:00-04:00,11.18,11.2,10.94,11.09,103513
2012-08-14 16:00:00-04:00,11.05,11.23,11.0,11.17,29111
2012-08-15 16:00:00-04:00,11.13,11.2,11.11,11.13,43399
2012-08-16 16:00:00-04:00,11.12,11.18,11.06,11.16,40837
2012-08-17 16:00:00-04:00,11.11,11.13,11.07,11.07,26787
2012-08-20 16:00:00-04:00,11.07,11.12,11.0,11.02,59010
2012-08-21 16:00:00-04:00,11.03,11.03,10.85,10.89,140625
2012-08-22 16:00:00-04:00,10.86,10.88,10.66,10.75,188766
2012-08-23 16:00:00-04:00,10.75,10.88,10.74,10.8,88983
2012-08-24 16:00:00-04:00,10.78,10.95,10.78,10.9,46564
2012-08-27 16:00:00-04:00,10.89,10.92,10.8,10.8,75486
2012-08-28 16:00:00-04:00,10.79,10.8599,10.76,10.84,57008
2012-08-29 16:00:00-04:00,10.84,10.96,10.84,10.93,82288
2012-08-30 16:00:00-04:00,10.93,10.97,10.8401,10.97,52683
2012-08-31 16:00:00-04:00,10.94,11.01,10.93,10.98,56855
2012-09-04 16:00:00-04:00,11.05,11.07,10.9,10.92,77562
2012-09-05 16:00:00-04:00,10.99,10.99,10.89,10.91,48886
2012-09-06 16:00:00-04:00,11.0,11.0,10.9001,10.95,72259
2012-09-07 16:00:00-04:00,11.0,11.0,10.91,10.95,47149
2012-09-10 16:00:00-04:00,10.96,11.0,10.94,10.99,49769
2012-09-11 16:00:00-04:00,11.03,11.08,11.02,11.08,27002
2012-09-12 16:00:00-04:00,11.08,11.1,11.01,11.1,80402
2012-09-13 16:00:00-04:00,11.13,11.16,11.09,11.14,40264
2012-09-14 16:00:00-04:00,11.15,11.2,11.11,11.19,31689
2012-09-17 16:00:00-04:00,11.2,11.23,11.17,11.22,31241
2012-09-18 16:00:00-04:00,11.22,11.35,11.2,11.29,67096
2012-09-19 16:00:00-04:00,11.35,11.374,11.3,11.35,71724
2012-09-20 16:00:00-04:00,11.4,11.4,11.3,11.3,91999
2012-09-21 16:00:00-04:00,11.38,11.44,11.34,11.4,35383
2012-09-24 16:00:00-04:00,11.46,11.5,11.4,11.5,72691
2012-09-25 16:00:00-04:00,11.54,11.6,11.5,11.55,53634
2012-09-26 16:00:00-04:00,11.62,11.675,11.62,11.662,26906
2012-09-27 16:00:00-04:00,11.62,11.74,11.6,11.74,84952
2012-09-28 16:00:00-04:00,11.69,11.71,11.62,11.68,52512
2012-10-01 16:00:00-04:00,11.76,11.85,11.62,11.75,41711
2012-10-02 16:00:00-04:00,11.7,11.84,11.7,11.83,77417
2012-10-03 16:00:00-04:00,11.86,11.87,11.76,11.84,52390
2012-10-04 16:00:00-04:00,11.84,11.84,11.49,11.62,107579
2012-10-05 16:00:00-04:00,11.71,11.85,11.69,11.74,68631
2012-10-08 16:00:00-04:00,11.79,11.83,11.72,11.7984,51000
2012-10-09 16:00:00-04:00,11.81,11.81,11.4,11.4,73622
2012-10-10 16:00:00-04:00,11.3,11.46,11.27,11.44,82514
2012-10-11 16:00:00-04:00,11.55,11.57,11.39,11.3998,47965
2012-10-12 16:00:00-04:00,11.46,11.48,11.39,11.43,33953
2012-10-15 16:00:00-04:00,11.53,11.53,11.33,11.4,59396
2012-10-16 16:00:00-04:00,11.44,11.44,11.3,11.35,37703
2012-10-17 16:00:00-04:00,11.39,11.39,11.3235,11.34,29539
2012-10-18 16:00:00-04:00,11.4,11.4,11.36,11.36,13143
2012-10-19 16:00:00-04:00,11.33,11.38,11.32,11.36,14402
2012-10-22 16:00:00-04:00,11.33,11.46,11.3203,11.45,15338
2012-10-23 16:00:00-04:00,11.4,11.5,11.4,11.5,15877
2012-10-24 16:00:00-04:00,11.5,11.64,11.5,11.63,22797
2012-10-25 16:00:00-04:00,11.6,11.6,11.43,11.44,43713
2012-10-26 16:00:00-04:00,11.44,11.49,11.42,11.44,15511
2012-10-31 16:00:00-04:00,11.37,11.41,11.27,11.27,91442
2012-11-01 16:00:00-04:00,11.29,11.358,11.2,11.2,92999
2012-11-02 16:00:00-04:00,11.29,11.29,11.13,11.19,57327
2012-11-05 16:00:00-05:00,11.17,11.22,11.1,11.14,32362
2012-11-06 16:00:00-05:00,11.16,11.1999,11.09,11.09,60558
2012-11-07 16:00:00-05:00,11.11,11.38,11.09,11.36,102310
2012-11-08 16:00:00-05:00,11.33,11.53,11.29,11.47,52813
2012-11-09 16:00:00-05:00,11.53,11.54,11.43,11.45,64104
2012-11-12 16:00:00-05:00,11.46,11.47,11.4,11.47,71919
2012-11-13 16:00:00-05:00,11.46,11.48,11.34,11.39,63859
2012-11-14 16:00:00-05:00,11.36,11.43,10.91,11.01,161373
2012-11-15 16:00:00-05:00,10.95,11.01,10.92,10.93,77334
2012-11-16 16:00:00-05:00,10.92,11.15,10.92,11.09,42218
2012-11-19 16:00:00-05:00,11.15,11.3,11.13,11.29,57581
2012-11-20 16:00:00-05:00,11.3,11.31,11.14,11.22,46544
2012-11-21 16:00:00-05:00,11.29,11.33,11.15,11.29,102145
2012-11-23 13:00:00-05:00,11.29,11.34,11.28,11.31,49658
2012-11-26 16:00:00-05:00,11.31,11.32,11.12,11.18,47439
2012-11-27 16:00:00-05:00,11.27,11.38,11.25,11.38,55081
2012-11-28 16:00:00-05:00,11.43,11.58,11.43,11.56,96974
2012-11-29 16:00:00-05:00,11.58,11.59,11.53,11.59,73119
2012-11-30 16:00:00-05:00,11.6,11.63,11.46,11.59,78514
2012-12-03 16:00:00-05:00,11.72,11.78,11.57,11.69,95689
2012-12-04 16:00:00-05:00,11.71,11.81,11.66,11.7,101628
2012-12-05 16:00:00-05:00,11.76,11.77,11.7,11.7,69811
2012-12-06 16:00:00-05:00,11.75,11.81,11.65,11.65,93727
2012-12-07 16:00:00-05:00,11.74,11.74,11.41,11.43,92092
2012-12-10 16:00:00-05:00,11.51,11.51,11.38,11.4,78374
2012-12-11 16:00:00-05:00,11.32,11.46,11.32,11.38,45345
2012-12-12 16:00:00-05:00,11.45,11.45,11.35,11.37,75620
2012-12-13 16:00:00-05:00,11.33,11.37,11.29,11.29,102572
2012-12-14 16:00:00-05:00,11.24,11.36,11.2,11.29,56342
2012-12-17 16:00:00-05:00,11.29,11.29,11.07,11.1,101592
2012-12-18 16:00:00-05:00,11.14,11.18,10.96,11.0,115834
2012-12-19 16:00:00-05:00,10.98,11.11,10.98,11.09,89422
2012-12-20 16:00:00-05:00,11.18,11.32,11.18,11.3,68199
2012-12-21 16:00:00-05:00,11.31,11.44,11.27,11.33,46555
2012-12-24 13:00:00-05:00,11.41,11.41,11.26,11.34,28224
2012-12-26 16:00:00-05:00,11.45,11.45,11.17,11.21,48155
2012-12-27 16:00:00-05:00,11.15,11.15,10.96,11.0,124299
2012-12-28 16:00:00-05:00,11.01,11.1,10.99,11.09,55698
2012-12-31 16:00:00-05:00,11.1,11.37,11.06,11.28,78140
2013-01-02 16:00:00-05:00,11.4,11.53,11.32,11.44,46432
2013-01-03 16:00:00-05:00,11.48,11.6199,11.47,11.56,59680
2013-01-04 16:00:00-05:00,11.59,11.6,11.54,11.6,23920
2013-01-07 16:00:00-05:00,11.65,11.65,11.55,11.5892,41831
2013-01-08 16:00:00-05:00,11.65,11.65,11.54,11.61,37955
2013-01-09 16:00:00-05:00,11.62,11.65,11.61,11.63,28577
2013-01-10 16:00:00-05:00,11.63,11.63,11.51,11.58,46446
2013-01-11 16:00:00-05:00,11.59,11.59,11.5499,11.59,32199
2013-01-14 16:00:00-05:00,11.62,11.66,11.57,11.64,51237
2013-01-15 16:00:00-05:00,11.59,11.64,11.51,11.58,42185
2013-01-16 16:00:00-05:00,11.59,11.69,11.4234,11.65,136028
2013-01-17 16:00:00-05:00,11.61,11.68,11.61,11.64,22383
2013-01-18 16:00:00-05:00,11.56,11.65,11.56,11.65,38402
2013-01-22 16:00:00-05:00,11.65,11.69,11.59,11.69,29218
2013-01-23 16:00:00-05:00,11.68,11.8,11.64,11.8,55259
2013-01-24 16:00:00-05:00,11.82,11.83,11.76,11.79,30084
2013-01-25 16:00:00-05:00,11.83,11.83,11.75,11.79,21102
2013-01-28 16:00:00-05:00,11.81,11.81,11.67,11.71,87860
2013-01-29 16:00:00-05:00,11.67,11.68,11.55,11.61,65740
2013-01-30 16:00:00-05:00,11.63,11.63,11.5,11.55,31419
2013-01-31 16:00:00-05:00,11.56,11.58,11.43,11.44,45238
2013-02-01 16:00:00-05:00,11.57,11.65,11.53,11.55,41513
2013-02-04 16:00:00-05:00,11.55,11.69,11.55,11.59,42540
2013-02-05 16:00:00-05:00,11.67,11.7,11.63,11.65,40450
2013-02-06 16:00:00-05:00,11.66,11.68,11.55,11.64,50470
2013-02-07 16:00:00-05:00,11.63,11.65,11.54,11.58,36117
2013-02-08 16:00:00-05:00,11.63,11.63,11.48,11.53,53382
2013-02-11 16:00:00-05:00,11.54,11.54,11.41,11.48,47077
2013-02-12 16:00:00-05:00,11.49,11.49,11.4,11.45,35800
2013-02-13 16:00:00-05:00,11.49,11.54,11.46,11.52,29825
2013-02-14 16:00:00-05:00,11.52,11.53,11.4,11.41,13634
2013-02-15 16:00:00-05:00,11.47,11.47,11.37,11.4,27436
2013-02-19 16:00:00-05:00,11.45,11.45,11.37,11.45,12489
2013-02-20 16:00:00-05:00,11.42,11.46,11.38,11.46,29752
2013-02-21 16:00:00-05:00,11.48,11.6099,11.47,11.55,28930
2013-02-22 16:00:00-05:00,11.62,11.62,11.49,11.52,24923
2013-02-25 16:00:00-05:00,11.49,11.52,11.4,11.45,31933
2013-02-26 16:00:00-05:00,11.42,11.47,11.41,11.431,14562
2013-02-27 16:00:00-05:00,11.43,11.5,11.422,11.45,36545
2013-02-28 16:00:00-05:00,11.43,11.52,11.4,11.42,34498
2013-03-01 16:00:00-05:00,11.47,11.5669,11.43,11.43,51863
2013-03-04 16:00:00-05:00,11.44,11.499,11.42,11.43,38943
2013-03-05 16:00:00-05:00,11.52,11.55,11.43,11.48,37733
2013-03-06 16:00:00-05:00,11.51,11.51,11.44,11.48,34441
2013-03-07 16:00:00-05:00,11.42,11.44,11.36,11.4,56995
2013-03-08 16:00:00-05:00,11.41,11.41,11.24,11.27,57445
2013-03-11 16:00:00-04:00,11.32,11.42,11.2,11.22,68198
2013-03-12 16:00:00-04:00,11.17,11.28,11.11,11.28,43377
2013-03-13 16:00:00-04:00,11.25,11.25,11.17,11.1801,20508
2013-03-14 16:00:00-04:00,11.15,11.15,11.01,11.06,79958
2013-03-15 16:00:00-04:00,10.98,11.0,10.82,10.87,153982
2013-03-18 16:00:00-04:00,10.89,11.1,10.87,11.1,72295
2013-03-19 16:00:00-04:00,11.1,11.17,11.01,11.1,54480
2013-03-20 16:00:00-04:00,11.11,11.28,11.11,11.13,56238
2013-03-21 16:00:00-04:00,11.11,11.19,11.06,11.07,25856
2013-03-22 16:00:00-04:00,11.06,11.13,11.06,11.08,28022
2013-03-25 16:00:00-04:00,11.01,11.07,10.95,10.99,69438
2013-03-26 16:00:00-04:00,10.93,11.08,10.88,11.06,69481
2013-03-27 16:00:00-04:00,10.94,11.09,10.94,11.09,32752
2013-03-28 16:00:00-04:00,11.15,11.16,11.021,11.08,48167
2013-04-01 16:00:00-04:00,11.1,11.13,11.05,11.05,28671
2013-04-02 16:00:00-04:00,11.07,11.08,11.02,11.06,44130
2013-04-03 16:00:00-04:00,11.12,11.12,11.03,11.11,22232
2013-04-04 16:00:00-04:00,11.05,11.15,11.05,11.08,39709
2013-04-05 16:00:00-04:00,11.16,11.26,11.11,11.18,36612
2013-04-08 16:00:00-04:00,11.21,11.23,11.14,11.16,35469
2013-04-09 16:00:00-04:00,11.13,11.23,11.13,11.22,39495
2013-04-10 16:00:00-04:00,11.12,11.19,11.1,11.14,33770
2013-04-11 16:00:00-04:00,11.19,11.2,11.1488,11.15,9990
2013-04-12 16:00:00-04:00,11.13,11.17,11.12,11.158,15991
2013-04-15 16:00:00-04:00,11.11,11.15,11.11,11.1295,27800
2013-04-16 16:00:00-04:00,11.12,11.16,11.12,11.12,19737
2013-04-17 16:00:00-04:00,11.12,11.16,11.06,11.06,24813
2013-04-18 16:00:00-04:00,11.14,11.18,11.12,11.12,17158
2013-04-19 16:00:00-04:00,11.12,11.18,11.12,11.14,15743
2013-04-22 16:00:00-04:00,11.14,11.24,11.14,11.19,26239
2013-04-23 16:00:00-04:00,11.25,11.28,11.1801,11.2099,16209
2013-04-24 16:00:00-04:00,11.18,11.18,11.13,11.16,18846
2013-04-25 16:00:00-04:00,11.15,11.17,11.07,11.1324,35608
2013-04-26 16:00:00-04:00,11.13,11.17,11.1,11.11,58811
2013-04-29 16:00:00-04:00,11.15,11.17,11.1,11.12,41190
2013-04-30 16:00:00-04:00,11.17,11.17,11.04,11.05,92653
2013-05-01 16:00:00-04:00,11.13,11.13,10.57,11.04,143074
2013-05-02 16:00:00-04:00,11.06,11.08,11.04,11.08,40754
2013-05-03 16:00:00-04:00,11.07,11.07,11.02,11.06,30740
2013-05-06 16:00:00-04:00,11.04,11.11,11.04,11.07,63671
2013-05-07 16:00:00-04:00,11.05,11.14,11.05,11.11,30805
2013-05-08 16:00:00-04:00,11.13,11.18,11.1,11.18,49543
2013-05-09 16:00:00-04:00,11.09,11.09,11.05,11.07,25497
2013-05-10 16:00:00-04:00,11.11,11.11,11.069,11.08,26975
2013-05-13 16:00:00-04:00,11.09,11.09,11.0,11.02,64180
2013-05-14 16:00:00-04:00,11.02,11.07,10.97,11.07,40090
2013-05-15 16:00:00-04:00,11.07,11.07,11.0,11.05,43618
2013-05-16 16:00:00-04:00,11.09,11.15,11.03,11.04,19859
2013-05-17 16:00:00-04:00,11.07,11.07,11.0,11.04,20271
2013-05-20 16:00:00-04:00,11.02,11.08,11.01,11.08,49510
2013-05-21 16:00:00-04:00,11.05,11.06,10.95,11.02,55694
2013-05-22 16:00:00-04:00,10.99,11.07,10.98,11.05,39672
2013-05-23 16:00:00-04:00,11.04,11.04,10.94,10.95,55545
2013-05-24 16:00:00-04:00,10.99,10.99,10.88,10.93,51864
2013-05-28 16:00:00-04:00,10.89,10.9,10.82,10.82,70699
2013-05-29 16:00:00-04:00,10.73,10.75,10.44,10.57,149894
2013-05-30 16:00:00-04:00,10.64,10.68,10.44,10.49,118554
2013-05-31 16:00:00-04:00,10.51,10.52,10.28,10.32,186579
2013-06-03 16:00:00-04:00,10.18,10.29,10.01,10.09,299116
2013-06-04 16:00:00-04:00,10.09,10.28,10.05,10.24,105014
2013-06-05 16:00:00-04:00,10.24,10.39,10.21,10.37,64510
2013-06-06 16:00:00-04:00,10.4,10.57,10.37,10.5401,43962
2013-06-07 16:00:00-04:00,10.56,10.58,10.4,10.41,70717
2013-06-10 16:00:00-04:00,10.44,10.46,10.35,10.46,126990
2013-06-11 16:00:00-04:00,10.32,10.34,10.2,10.31,211961
2013-06-12 16:00:00-04:00,10.3,10.31,10.069,10.07,85366
2013-06-13 16:00:00-04:00,10.0,10.15,9.94,10.01,191593
2013-06-14 16:00:00-04:00,10.02,10.1065,10.02,10.07,65093
2013-06-17 16:00:00-04:00,10.11,10.15,10.05,10.05,118351
2013-06-18 16:00:00-04:00,10.04,10.06,9.93,10.04,75309
2013-06-19 16:00:00-04:00,10.05,10.07,9.99,10.01,98056
2013-06-20 16:00:00-04:00,9.93,9.94,9.81,9.86,105215
2013-06-21 16:00:00-04:00,9.82,9.9,9.75,9.75,75307
2013-06-24 16:00:00-04:00,9.73,9.73,9.2801,9.49,198546
2013-06-25 16:00:00-04:00,9.51,9.64,9.245,9.62,128366
2013-06-26 16:00:00-04:00,9.67,10.04,9.577,10.04,120718
2013-06-27 16:00:00-04:00,10.1,10.3102,10.0,10.31,65350
2013-06-28 16:00:00-04:00,10.32,10.32,10.08,10.14,34568
2013-07-01 16:00:00-04:00,10.24,10.39,10.12,10.29,60705
2013-07-02 16:00:00-04:00,10.29,10.35,10.115,10.16,33451
2013-07-03 16:00:00-04:00,10.14,10.15,9.977,9.988,28246
2013-07-05 16:00:00-04:00,9.86,9.89,9.64,9.77,45574
2013-07-08 16:00:00-04:00,9.77,9.945,9.75,9.76,32952
2013-07-09 16:00:00-04:00,9.78,9.8999,9.72,9.85,74517
2013-07-10 16:00:00-04:00,9.87,9.91,9.71,9.74,77413
2013-07-11 16:00:00-04:00,9.81,9.98,9.784,9.94,60862
2013-07-12 16:00:00-04:00,10.01,10.01,9.86,9.97,87166
2013-07-15 16:00:00-04:00,9.94,9.9801,9.77,9.77,33649
2013-07-16 16:00:00-04:00,9.88,9.949,9.82,9.85,77148
2013-07-17 16:00:00-04:00,9.83,9.88,9.77,9.84,63649
2013-07-18 16:00:00-04:00,9.82,9.96,9.81,9.85,40860
2013-07-19 16:00:00-04:00,9.8,9.802,9.69,9.69,47854
2013-07-22 16:00:00-04:00,9.7,9.7,9.61,9.67,112984
2013-07-23 16:00:00-04:00,9.67,9.85,9.67,9.77,39832
2013-07-24 16:00:00-04:00,9.8,9.8,9.6336,9.73,35575
2013-07-25 16:00:00-04:00,9.64,9.729,9.56,9.69,104208
2013-07-26 16:00:00-04:00,9.67,9.75,9.6,9.7,37967
2013-07-29 16:00:00-04:00,9.62,9.77,9.62,9.71,51132
2013-07-30 16:00:00-04:00,9.77,9.77,9.62,9.66,36152
2013-07-31 16:00:00-04:00,9.64,9.6999,9.58,9.67,65223
2013-08-01 16:00:00-04:00,9.74,9.74,9.56,9.63,59761
2013-08-02 16:00:00-04:00,9.58,9.72,9.58,9.6,34942
2013-08-05 16:00:00-04:00,9.47,9.5,9.42,9.45,92837
2013-08-06 16:00:00-04:00,9.44,9.56,9.439,9.53,58962
2013-08-07 16:00:00-04:00,9.55,9.59,9.5148,9.5333,75441
2013-08-08 16:00:00-04:00,9.47,9.4701,9.36,9.42,66679
2013-08-09 16:00:00-04:00,9.42,9.5,9.36,9.5,43807
2013-08-12 16:00:00-04:00,9.49,9.49,9.39,9.43,47281
2013-08-13 16:00:00-04:00,9.39,9.4199,9.33,9.35,47622
2013-08-14 16:00:00-04:00,9.35,9.3799,9.33,9.34,32456
2013-08-15 16:00:00-04:00,9.34,9.38,9.2,9.36,132440
2013-08-16 16:00:00-04:00,9.29,9.3,9.2,9.2,81108
2013-08-19 16:00:00-04:00,9.2,9.23,9.09,9.14,107058
2013-08-20 16:00:00-04:00,9.1,9.31,9.08,9.31,85800
2013-08-21 16:00:00-04:00,9.25,9.35,9.21,9.31,58333
2013-08-22 16:00:00-04:00,9.31,9.45,9.31,9.45,70001
2013-08-23 16:00:00-04:00,9.42,9.48,9.39,9.39,85153
2013-08-26 16:00:00-04:00,9.39,9.45,9.38,9.38,101583
2013-08-27 16:00:00-04:00,9.34,9.43,9.34,9.38,43228
2013-08-28 16:00:00-04:00,9.36,9.43,9.32,9.32,39813
2013-08-29 16:00:00-04:00,9.31,9.33,9.23,9.32,51861
2013-08-30 16:00:00-04:00,9.23,9.29,9.22,9.26,78526
2013-09-03 16:00:00-04:00,9.23,9.26,9.17,9.25,55439
2013-09-04 16:00:00-04:00,9.18,9.24,9.17,9.2,44671
2013-09-05 16:00:00-04:00,9.17,9.23,9.15,9.23,29671
2013-09-06 16:00:00-04:00,9.17,9.2,9.15,9.17,34964
2013-09-09 16:00:00-04:00,9.14,9.23,9.14,9.208,92323
2013-09-10 16:00:00-04:00,9.18,9.22,9.18,9.18,46850
2013-09-11 16:00:00-04:00,9.09,9.11,9.04,9.089,85919
2013-09-12 16:00:00-04:00,9.06,9.1,9.04,9.04,41384
2013-09-13 16:00:00-04:00,9.04,9.07,9.0191,9.03,79001
2013-09-16 16:00:00-04:00,9.07,9.16,9.04,9.05,37742
2013-09-17 16:00:00-04:00,9.07,9.1768,9.07,9.15,60967
2013-09-18 16:00:00-04:00,9.16,9.32,9.11,9.31,104270
2013-09-19 16:00:00-04:00,9.3,9.33,9.23,9.28,89261
2013-09-20 16:00:00-04:00,9.24,9.28,9.18,9.25,51573
2013-09-23 16:00:00-04:00,9.22,9.32,9.22,9.29,48056
2013-09-24 16:00:00-04:00,9.25,9.34,9.25,9.34,50503
2013-09-25 16:00:00-04:00,9.35,9.39,9.28,9.39,23199
2013-09-26 16:00:00-04:00,9.31,9.39,9.31,9.37,28692
2013-09-27 16:00:00-04:00,9.34,9.4194,9.34,9.38,24891
2013-09-30 16:00:00-04:00,9.35,9.39,9.34,9.36,38727
2013-10-01 16:00:00-04:00,9.39,9.39,9.34,9.37,32046
2013-10-02 16:00:00-04:00,9.35,9.37,9.3,9.31,76758
2013-10-03 16:00:00-04:00,9.27,9.3,9.25,9.29,44280
2013-10-04 16:00:00-04:00,9.26,9.33,9.26,9.32,37800
2013-10-07 16:00:00-04:00,9.31,9.31,9.27,9.29,57651
2013-10-08 16:00:00-04:00,9.29,9.35,9.29,9.32,40278
2013-10-09 16:00:00-04:00,9.28,9.3,9.25,9.26,49689
2013-10-10 16:00:00-04:00,9.25,9.282,9.2,9.2,71166
2013-10-11 16:00:00-04:00,9.2,9.25,9.1458,9.24,79141
2013-10-14 16:00:00-04:00,9.16,9.27,9.16,9.21,22956
2013-10-15 16:00:00-04:00,9.13,9.24,9.13,9.22,71138
2013-10-16 16:00:00-04:00,9.19,9.31,9.179,9.25,55356
2013-10-17 16:00:00-04:00,9.3,9.43,9.3,9.42,46192
2013-10-18 16:00:00-04:00,9.37,9.51,9.37,9.49,67928
2013-10-21 16:00:00-04:00,9.53,9.63,9.4501,9.51,74828
2013-10-22 16:00:00-04:00,9.56,9.6,9.46,9.59,68826
2013-10-23 16:00:00-04:00,9.6,9.76,9.58,9.75,91480
2013-10-24 16:00:00-04:00,9.71,9.79,9.65,9.69,62175
2013-10-25 16:00:00-04:00,9.64,9.8,9.64,9.79,69606
2013-10-28 16:00:00-04:00,9.75,9.84,9.75,9.78,49758
2013-10-29 16:00:00-04:00,9.82,9.82,9.72,9.7999,46720
2013-10-30 16:00:00-04:00,9.75,9.8,9.71,9.71,27618
2013-10-31 16:00:00-04:00,9.72,9.76,9.7,9.73,26355
2013-11-01 16:00:00-04:00,9.73,9.78,9.41,9.41,126362
2013-11-04 16:00:00-05:00,9.42,9.729,9.42,9.6,63420
2013-11-05 16:00:00-05:00,9.56,9.59,9.47,9.59,44179
2013-11-06 16:00:00-05:00,9.55,9.69,9.52,9.65,46790
2013-11-07 16:00:00-05:00,9.6,9.8,9.58,9.75,83823
2013-11-08 16:00:00-05:00,9.75,9.75,9.4901,9.52,69414
2013-11-11 16:00:00-05:00,9.47,9.51,9.43,9.44,37836
2013-11-12 16:00:00-05:00,9.48,9.5,9.38,9.42,38649
2013-11-13 16:00:00-05:00,9.38,9.44,9.31,9.39,83065
2013-11-14 16:00:00-05:00,9.35,9.46,9.35,9.4,37587
2013-11-15 16:00:00-05:00,9.38,9.42,9.31,9.37,30143
2013-11-18 16:00:00-05:00,9.33,9.38,9.32,9.38,45126
2013-11-19 16:00:00-05:00,9.38,9.41,9.35,9.4,30155
2013-11-20 16:00:00-05:00,9.36,9.47,9.34,9.45,64476
2013-11-21 16:00:00-05:00,9.4,9.46,9.34,9.36,47036
2013-11-22 16:00:00-05:00,9.32,9.35,9.19,9.23,97564
2013-11-25 16:00:00-05:00,9.18,9.26,9.18,9.23,22472
2013-11-26 16:00:00-05:00,9.2,9.25,9.2,9.2,24948
2013-11-27 16:00:00-05:00,9.2,9.22,9.16,9.16,71878
2013-11-29 16:00:00-05:00,9.15,9.21,9.14,9.21,59427
2013-12-02 16:00:00-05:00,9.16,9.22,9.06,9.15,126295
2013-12-03 16:00:00-05:00,9.08,9.16,9.07,9.12,37978
2013-12-04 16:00:00-05:00,9.1,9.18,9.1,9.13,55329
2013-12-05 16:00:00-05:00,9.08,9.15,9.08,9.14,109075
2013-12-06 16:00:00-05:00,9.1,9.23,9.09,9.23,66738
2013-12-09 16:00:00-05:00,9.19,9.25,9.18,9.21,109203
2013-12-10 16:00:00-05:00,9.15,9.16,9.12,9.16,40702
2013-12-11 16:00:00-05:00,9.13,9.16,9.09,9.16,66311
2013-12-12 16:00:00-05:00,9.13,9.16,9.12,9.15,24055
2013-12-13 16:00:00-05:00,9.13,9.1599,9.03,9.08,139578
2013-12-16 16:00:00-05:00,9.13,9.13,9.05,9.09,87354
2013-12-17 16:00:00-05:00,9.08,9.28,9.08,9.26,179648
2013-12-18 16:00:00-05:00,9.22,9.33,9.22,9.29,59537
2013-12-19 16:00:00-05:00,9.33,9.39,9.33,9.36,86011
2013-12-20 16:00:00-05:00,9.34,9.4268,9.32,9.39,101131
2013-12-23 16:00:00-05:00,9.41,9.52,9.4,9.4,137245
2013-12-24 16:00:00-05:00,9.4,9.4,9.3601,9.4,35678
2013-12-26 16:00:00-05:00,9.4,9.4,9.3299,9.34,72844
2013-12-27 16:00:00-05:00,9.38,9.38,9.25,9.28,102190
2013-12-30 16:00:00-05:00,9.24,9.27,9.15,9.15,135534
2013-12-31 16:00:00-05:00,9.15,9.24,9.09,9.2,210227
2014-01-02 16:00:00-05:00,9.25,9.28,9.15,9.22,83848
2014-01-03 16:00:00-05:00,9.25,9.26,9.17,9.26,56723
2014-01-06 16:00:00-05:00,9.24,9.35,9.24,9.34,39170
2014-01-07 16:00:00-05:00,9.35,9.39,9.3,9.33,129254
2014-01-08 16:00:00-05:00,9.31,9.37,9.26,9.34,63931
2014-01-09 16:00:00-05:00,9.33,9.35,9.32,9.34,38032
2014-01-10 16:00:00-05:00,9.35,9.42,9.34,9.42,56878
2014-01-13 16:00:00-05:00,9.43,9.4501,9.36,9.4501,69868
2014-01-14 16:00:00-05:00,9.44,9.47,9.44,9.45,51090
2014-01-15 16:00:00-05:00,9.46,9.51,9.44,9.5,30167
2014-01-16 16:00:00-05:00,9.54,9.57,9.49,9.54,65343
2014-01-17 16:00:00-05:00,9.61,9.76,9.6,9.64,125760
2014-01-21 16:00:00-05:00,9.66,9.76,9.66,9.76,46409
2014-01-22 16:00:00-05:00,9.76,9.79,9.71,9.78,97854
2014-01-23 16:00:00-05:00,9.77,9.85,9.77,9.79,45546
2014-01-24 16:00:00-05:00,9.79,9.84,9.7401,9.76,89848
2014-01-27 16:00:00-05:00,9.76,9.8,9.73,9.77,33585
2014-01-28 16:00:00-05:00,9.78,9.82,9.76,9.78,53138
2014-01-29 16:00:00-05:00,9.82,9.82,9.73,9.8,66035
2014-01-30 16:00:00-05:00,9.8,9.9,9.8,9.87,59902
2014-01-31 16:00:00-05:00,9.85,9.92,9.85,9.9,43133
2014-02-03 16:00:00-05:00,9.94,9.94,9.85,9.85,76044
2014-02-04 16:00:00-05:00,9.86,9.97,9.86,9.88,84642
2014-02-05 16:00:00-05:00,9.88,9.94,9.88,9.91,39189
2014-02-06 16:00:00-05:00,9.95,9.95,9.77,9.86,75839
2014-02-07 16:00:00-05:00,9.79,9.95,9.79,9.95,52165
2014-02-10 16:00:00-05:00,9.99,10.0499,9.98,10.0499,18375
2014-02-11 16:00:00-05:00,9.98,9.99,9.92,9.96,41503
2014-02-12 16:00:00-05:00,9.97,9.989,9.96,9.96,29500
2014-02-13 16:00:00-05:00,9.95,10.01,9.95,9.99,22903
2014-02-14 16:00:00-05:00,9.99,9.9925,9.98,9.99,15775
2014-02-18 16:00:00-05:00,10.0,10.01,9.97,9.97,20964
2014-02-19 16:00:00-05:00,9.97,10.01,9.97,9.98,47213
2014-02-20 16:00:00-05:00,9.98,10.0,9.97,9.98,43025
2014-02-21 16:00:00-05:00,9.98,10.0,9.97,9.97,32017
2014-02-24 16:00:00-05:00,9.99,9.9999,9.96,9.98,39094
2014-02-25 16:00:00-05:00,9.95,10.0,9.95,9.98,32734
2014-02-26 16:00:00-05:00,9.95,9.99,9.94,9.97,76777
2014-02-27 16:00:00-05:00,9.95,9.98,9.94,9.97,80877
2014-02-28 16:00:00-05:00,9.91,10.0,9.89,9.96,111937
2014-03-03 16:00:00-05:00,9.96,10.01,9.94,9.98,55822
2014-03-04 16:00:00-05:00,10.0,10.01,9.96,9.97,77392
2014-03-05 16:00:00-05:00,9.97,10.0,9.93,9.93,100563
2014-03-06 16:00:00-05:00,9.92,9.94,9.89,9.9,59953
2014-03-07 16:00:00-05:00,9.79,9.84,9.72,9.78,158437
2014-03-10 16:00:00-04:00,9.77,9.92,9.73,9.89,37324
2014-03-11 16:00:00-04:00,9.77,9.83,9.7599,9.79,53277
2014-03-12 16:00:00-04:00,9.78,9.89,9.78,9.85,48322
2014-03-13 16:00:00-04:00,9.83,9.9,9.83,9.86,36795
2014-03-14 16:00:00-04:00,9.89,9.89,9.78,9.8099,127400
2014-03-17 16:00:00-04:00,9.78,9.9,9.78,9.84,60581
2014-03-18 16:00:00-04:00,9.88,9.9,9.81,9.84,68382
2014-03-19 16:00:00-04:00,9.83,9.8699,9.73,9.75,22046
2014-03-20 16:00:00-04:00,9.73,9.7799,9.66,9.74,70582
2014-03-21 16:00:00-04:00,9.78,9.81,9.74,9.81,68435
2014-03-24 16:00:00-04:00,9.78,9.88,9.77,9.87,38476
2014-03-25 16:00:00-04:00,9.83,9.88,9.8,9.86,43425
2014-03-26 16:00:00-04:00,9.83,9.95,9.83,9.93,63099
2014-03-27 16:00:00-04:00,9.95,9.99,9.93,9.98,52244
2014-03-28 16:00:00-04:00,10.0,10.0,9.93,9.93,29660
2014-03-31 16:00:00-04:00,9.94,9.99,9.93,9.97,33996
2014-04-01 16:00:00-04:00,9.93,9.95,9.89,9.91,44530
2014-04-02 16:00:00-04:00,9.7,9.92,9.7,9.87,48836
2014-04-03 16:00:00-04:00,9.9,9.95,9.88,9.92,42127
2014-04-04 16:00:00-04:00,9.93,9.98,9.93,9.97,58497
2014-04-07 16:00:00-04:00,9.98,9.98,9.92,9.93,93940
2014-04-08 16:00:00-04:00,9.93,10.0,9.93,9.98,111778
2014-04-09 16:00:00-04:00,9.92,9.92,9.87,9.9,67554
2014-04-10 16:00:00-04:00,9.9,9.94,9.89,9.94,51315
2014-04-11 16:00:00-04:00,9.94,9.96,9.89,9.96,61169
2014-04-14 16:00:00-04:00,9.92,9.95,9.9,9.9,59101
2014-04-15 16:00:00-04:00,9.95,9.97,9.9,9.94,41174
2014-04-16 16:00:00-04:00,9.96,9.97,9.93,9.95,73988
2014-04-17 16:00:00-04:00,9.99,10.03,9.97,9.99,64757
2014-04-21 16:00:00-04:00,10.02,10.03,9.97,9.981,75041
2014-04-22 16:00:00-04:00,9.97,10.0,9.97,10.0,53957
2014-04-23 16:00:00-04:00,9.99,10.07,9.99,10.04,106492
2014-04-24 16:00:00-04:00,10.03,10.1,10.03,10.09,46866
2014-04-25 16:00:00-04:00,10.1,10.23,10.09,10.23,66058
2014-04-28 16:00:00-04:00,10.25,10.28,10.22,10.28,37822
2014-04-29 16:00:00-04:00,10.3,10.31,10.21,10.26,110412
2014-04-30 16:00:00-04:00,10.28,10.31,10.28,10.28,33474
2014-05-01 16:00:00-04:00,10.33,10.4,10.3,10.37,45977
2014-05-02 16:00:00-04:00,10.4,10.54,10.37,10.54,178164
2014-05-05 16:00:00-04:00,10.54,10.57,10.39,10.45,75524
2014-05-06 16:00:00-04:00,10.43,10.49,10.43,10.47,53864
2014-05-07 16:00:00-04:00,10.51,10.52,10.45,10.52,52462
2014-05-08 16:00:00-04:00,10.47,10.47,10.39,10.42,46590
2014-05-09 16:00:00-04:00,10.44,10.44,10.38,10.42,37804
2014-05-12 16:00:00-04:00,10.45,10.47,10.42,10.42,23097
2014-05-13 16:00:00-04:00,10.42,10.53,10.42,10.53,62392
2014-05-14 16:00:00-04:00,10.52,10.55,10.45,10.47,41190
2014-05-15 16:00:00-04:00,10.51,10.55,10.51,10.54,21188
2014-05-16 16:00:00-04:00,10.54,10.59,10.52,10.53,19690
2014-05-19 16:00:00-04:00,10.58,10.6,10.55,10.5598,62356
2014-05-20 16:00:00-04:00,10.6,10.68,10.59,10.62,56852
2014-05-21 16:00:00-04:00,10.59,10.6299,10.59,10.6,31182
2014-05-22 16:00:00-04:00,10.63,10.7,10.63,10.66,57298
2014-05-23 16:00:00-04:00,10.63,10.7,10.63,10.6899,32769
2014-05-27 16:00:00-04:00,10.66,10.699,10.63,10.65,37572
2014-05-28 16:00:00-04:00,10.69,10.72,10.65,10.68,39945
2014-05-29 16:00:00-04:00,10.67,10.68,10.62,10.63,53729
2014-05-30 16:00:00-04:00,10.62,10.65,10.53,10.56,49462
2014-06-02 16:00:00-04:00,10.6,10.64,10.49,10.57,74950
2014-06-03 16:00:00-04:00,10.53,10.59,10.44,10.53,121739
2014-06-04 16:00:00-04:00,10.45,10.5107,10.44,10.51,61788
2014-06-05 16:00:00-04:00,10.5,10.5397,10.5,10.52,34823
2014-06-06 16:00:00-04:00,10.5,10.55,10.5,10.5399,42189
2014-06-09 16:00:00-04:00,10.56,10.66,10.54,10.64,40717
2014-06-10 16:00:00-04:00,10.57,10.6,10.48,10.5,36167
2014-06-11 16:00:00-04:00,10.5,10.54,10.45,10.51,28990
2014-06-12 16:00:00-04:00,10.47,10.57,10.47,10.57,19939
2014-06-13 16:00:00-04:00,10.52,10.55,10.44,10.46,56690
2014-06-16 16:00:00-04:00,10.51,10.51,10.42,10.44,31418
2014-06-17 16:00:00-04:00,10.42,10.42,10.29,10.33,54552
2014-06-18 16:00:00-04:00,10.33,10.37,10.283,10.354,27625
2014-06-19 16:00:00-04:00,10.35,10.44,10.35,10.38,38992
2014-06-20 16:00:00-04:00,10.33,10.39,10.31,10.38,49669
2014-06-23 16:00:00-04:00,10.36,10.44,10.36,10.44,54135
2014-06-24 16:00:00-04:00,10.44,10.62,10.39,10.55,75740
2014-06-25 16:00:00-04:00,10.53,10.56,10.49,10.51,28956
2014-06-26 16:00:00-04:00,10.54,10.59,10.46,10.46,48543
2014-06-27 16:00:00-04:00,10.49,10.51,10.46,10.48,20580
2014-06-30 16:00:00-04:00,10.49,10.58,10.47,10.58,32332
2014-07-01 16:00:00-04:00,10.59,10.62,10.5661,10.58,74250
2014-07-02 16:00:00-04:00,10.58,10.58,10.41,10.44,63002
2014-07-03 16:00:00-04:00,10.42,10.42,10.26,10.35,64129
2014-07-07 16:00:00-04:00,10.4,10.46,10.35,10.42,33123
2014-07-08 16:00:00-04:00,10.44,10.55,10.44,10.51,59467
2014-07-09 16:00:00-04:00,10.43,10.45,10.35,10.36,41169
2014-07-10 16:00:00-04:00,10.38,10.38,10.3,10.3178,22562
2014-07-11 16:00:00-04:00,10.33,10.41,10.3,10.34,45507
2014-07-14 16:00:00-04:00,10.35,10.4,10.35,10.39,31247
2014-07-15 16:00:00-04:00,10.36,10.4,10.331,10.4,20430
2014-07-16 16:00:00-04:00,10.38,10.4,10.36,10.38,14004
2014-07-17 16:00:00-04:00,10.39,10.5,10.3601,10.47,39357
2014-07-18 16:00:00-04:00,10.5,10.5,10.4501,10.47,12554
2014-07-21 16:00:00-04:00,10.51,10.57,10.4941,10.56,28383
2014-07-22 16:00:00-04:00,10.59,10.62,10.52,10.58,51017
2014-07-23 16:00:00-04:00,10.6,10.62,10.55,10.58,61433
2014-07-24 16:00:00-04:00,10.59,10.59,10.54,10.55,13197
2014-07-25 16:00:00-04:00,10.6,10.6052,10.5604,10.58,22792
2014-07-28 16:00:00-04:00,10.6,10.6,10.45,10.55,38752
2014-07-29 16:00:00-04:00,10.53,10.57,10.5,10.51,13960
2014-07-30 16:00:00-04:00,10.51,10.53,10.44,10.46,41356
2014-07-31 16:00:00-04:00,10.43,10.524,10.39,10.451,32207
2014-08-01 16:00:00-04:00,10.52,10.52,10.46,10.48,28597
2014-08-04 16:00:00-04:00,10.52,10.52,10.4,10.45,33245
2014-08-05 16:00:00-04:00,10.44,10.45,10.41,10.45,15526
2014-08-06 16:00:00-04:00,10.5,10.5299,10.43,10.5,45427
2014-08-07 16:00:00-04:00,10.48,10.48,10.43,10.44,14218
2014-08-08 16:00:00-04:00,10.48,10.54,10.47,10.5176,11877
2014-08-11 16:00:00-04:00,10.55,10.55,10.49,10.49,24080
2014-08-12 16:00:00-04:00,10.49,10.544,10.45,10.46,24451
2014-08-13 16:00:00-04:00,10.48,10.52,10.43,10.52,17627
2014-08-14 16:00:00-04:00,10.48,10.54,10.48,10.52,17689
2014-08-15 16:00:00-04:00,10.49,10.56,10.45,10.45,30255
2014-08-18 16:00:00-04:00,10.45,10.53,10.45,10.5,18971
2014-08-19 16:00:00-04:00,10.47,10.57,10.47,10.543,15953
2014-08-20 16:00:00-04:00,10.57,10.5874,10.55,10.5734,16149
2014-08-21 16:00:00-04:00,10.59,10.59,10.5077,10.51,33814
2014-08-22 16:00:00-04:00,10.5,10.57,10.5,10.54,27880
2014-08-25 16:00:00-04:00,10.56,10.57,10.45,10.48,38201
2014-08-26 16:00:00-04:00,10.49,10.567,10.48,10.48,32179
2014-08-27 16:00:00-04:00,10.52,10.57,10.48,10.49,30828
2014-08-28 16:00:00-04:00,10.5,10.55,10.46,10.46,50731
2014-08-29 16:00:00-04:00,10.4701,10.59,10.45,10.48,57972
2014-09-02 16:00:00-04:00,10.53,10.56,10.48,10.5,56641
2014-09-03 16:00:00-04:00,10.46,10.53,10.46,10.46,38009
2014-09-04 16:00:00-04:00,10.5,10.58,10.47,10.5,56885
2014-09-05 16:00:00-04:00,10.53,10.55,10.45,10.45,39719
2014-09-08 16:00:00-04:00,10.46,10.5,10.46,10.46,61734
2014-09-09 16:00:00-04:00,10.4681,10.58,10.46,10.49,71095
2014-09-10 16:00:00-04:00,10.43,10.48,10.4,10.4,65405
2014-09-11 16:00:00-04:00,10.45,10.4899,10.4,10.4,41717
2014-09-12 16:00:00-04:00,10.39,10.39,10.33,10.34,46201
2014-09-15 16:00:00-04:00,10.32,10.4,10.32,10.32,47544
2014-09-16 16:00:00-04:00,10.34,10.34,10.25,10.27,39639
2014-09-17 16:00:00-04:00,10.25,10.35,10.25,10.3,48461
2014-09-18 16:00:00-04:00,10.27,10.419,10.27,10.38,42503
2014-09-19 16:00:00-04:00,10.42,10.42,10.29,10.35,28571
2014-09-22 16:00:00-04:00,10.33,10.38,10.32,10.34,13136
2014-09-23 16:00:00-04:00,10.32,10.36,10.32,10.35,21135
2014-09-24 16:00:00-04:00,10.33,10.418,10.32,10.4,16465
2014-09-25 16:00:00-04:00,10.38,10.38,10.35,10.36,20528
2014-09-26 16:00:00-04:00,10.17,10.31,10.11,10.22,191473
2014-09-29 16:00:00-04:00,10.25,10.305,10.18,10.22,53599
2014-09-30 16:00:00-04:00,10.17,10.5,10.17,10.4,133415
2014-10-01 16:00:00-04:00,10.45,10.49,10.31,10.34,65983
2014-10-02 16:00:00-04:00,10.32,10.43,10.31,10.35,27114
2014-10-03 16:00:00-04:00,10.35,10.39,10.3,10.3,73414
2014-10-06 16:00:00-04:00,10.27,10.387,10.27,10.37,29039
2014-10-07 16:00:00-04:00,10.36,10.49,10.36,10.46,28332
2014-10-08 16:00:00-04:00,10.5,10.56,10.48,10.51,64375
2014-10-09 16:00:00-04:00,10.5,10.5,10.3,10.38,67417
2014-10-10 16:00:00-04:00,10.36,10.39,10.25,10.25,31777
2014-10-13 16:00:00-04:00,10.26,10.39,10.26,10.322,31043
2014-10-14 16:00:00-04:00,10.29,10.37,10.26,10.31,22119
2014-10-15 16:00:00-04:00,10.36,10.37,10.31,10.32,46820
2014-10-16 16:00:00-04:00,10.32,10.39,10.3,10.3899,44160
2014-10-17 16:00:00-04:00,10.52,10.52,10.45,10.46,28396
2014-10-20 16:00:00-04:00,10.46,10.49,10.42,10.42,41546
2014-10-21 16:00:00-04:00,10.45,10.47,10.39,10.43,48072
2014-10-22 16:00:00-04:00,10.4,10.53,10.4,10.46,35622
2014-10-23 16:00:00-04:00,10.5,10.58,10.5,10.55,65263
2014-10-24 16:00:00-04:00,10.52,10.56,10.49,10.49,41530
2014-10-27 16:00:00-04:00,10.4,10.4999,10.4,10.47,49560
2014-10-28 16:00:00-04:00,10.52,10.52,10.46,10.47,32988
2014-10-29 16:00:00-04:00,10.53,10.56,10.51,10.51,24393
2014-10-30 16:00:00-04:00,10.5,10.53,10.49,10.53,38185
2014-10-31 16:00:00-04:00,10.55,10.557,10.5,10.54,22714
2014-11-03 16:00:00-05:00,10.53,10.56,10.5,10.55,33787
2014-11-04 16:00:00-05:00,10.5,10.56,10.5,10.52,23912
2014-11-05 16:00:00-05:00,10.53,10.56,10.51,10.523,24234
2014-11-06 16:00:00-05:00,10.51,10.53,10.5,10.5,42057
2014-11-07 16:00:00-05:00,10.5,10.58,10.5,10.52,35639
2014-11-10 16:00:00-05:00,10.45,10.52,10.44,10.47,34973
2014-11-11 16:00:00-05:00,10.48,10.53,10.48,10.501,8679
2014-11-12 16:00:00-05:00,10.47,10.54,10.47,10.49,26177
2014-11-13 16:00:00-05:00,10.47,10.5,10.43,10.44,50003
2014-11-14 16:00:00-05:00,10.44,10.47,10.43,10.44,19093
2014-11-17 16:00:00-05:00,10.44,10.49,10.43,10.45,23657
2014-11-18 16:00:00-05:00,10.46,10.48,10.45,10.45,27814
2014-11-19 16:00:00-05:00,10.46,10.52,10.45,10.5,41162
2014-11-20 16:00:00-05:00,10.5,10.5406,10.49,10.54,32386
2014-11-21 16:00:00-05:00,10.51,10.54,10.46,10.46,48420
2014-11-24 16:00:00-05:00,10.49,10.49,10.4,10.42,75529
2014-11-25 16:00:00-05:00,10.4,10.5,10.4,10.5,37507
2014-11-26 16:00:00-05:00,10.45,10.54,10.45,10.52,24408
2014-11-28 16:00:00-05:00,10.47,10.54,10.44,10.48,25738
2014-12-01 16:00:00-05:00,10.51,10.67,10.47,10.61,96591
2014-12-02 16:00:00-05:00,10.56,10.6799,10.56,10.65,20247
2014-12-03 16:00:00-05:00,10.58,10.69,10.58,10.65,55019
2014-12-04 16:00:00-05:00,10.69,10.74,10.57,10.64,51787
2014-12-05 16:00:00-05:00,10.54,10.6,10.54,10.6,78918
2014-12-08 16:00:00-05:00,10.58,10.71,10.58,10.71,46185
2014-12-09 16:00:00-05:00,10.62,10.6471,10.55,10.59,50695
2014-12-10 16:00:00-05:00,10.62,10.72,10.58,10.65,34228
2014-12-11 16:00:00-05:00,10.69,10.727,10.58,10.6,87104
2014-12-12 16:00:00-05:00,10.57,10.6,10.46,10.55,111584
2014-12-15 16:00:00-05:00,10.48,10.63,10.48,10.56,81283
2014-12-16 16:00:00-05:00,10.62,10.66,10.56,10.65,44660
2014-12-17 16:00:00-05:00,10.63,10.69,10.63,10.65,47268
2014-12-18 16:00:00-05:00,10.68,10.69,10.61,10.67,64921
2014-12-19 16:00:00-05:00,10.68,10.7,10.64,10.7,36902
2014-12-22 16:00:00-05:00,10.7,10.73,10.61,10.72,56469
2014-12-23 16:00:00-05:00,10.72,10.73,10.6,10.63,70284
2014-12-24 16:00:00-05:00,10.61,10.6643,10.6,10.6,21333
2014-12-26 16:00:00-05:00,10.65,10.67,10.6,10.62,42271
2014-12-29 16:00:00-05:00,10.61,10.72,10.61,10.65,69921
2014-12-30 16:00:00-05:00,10.63,10.67,10.58,10.67,67402
2014-12-31 16:00:00-05:00,10.66,10.71,10.61,10.71,38424
2015-01-02 16:00:00-05:00,10.74,10.74,10.63,10.68,31556
2015-01-05 16:00:00-05:00,10.67,10.71,10.65,10.7,30482
2015-01-06 16:00:00-05:00,10.69,10.86,10.69,10.85,36351
2015-01-07 16:00:00-05:00,10.8,10.95,10.8,10.91,50609
2015-01-08 16:00:00-05:00,10.82,10.86,10.77,10.81,43364
2015-01-09 16:00:00-05:00,10.74,10.84,10.74,10.82,20141
2015-01-12 16:00:00-05:00,10.78,10.86,10.77,10.81,22860
2015-01-13 16:00:00-05:00,10.8,10.93,10.79,10.9,48449
2015-01-14 16:00:00-05:00,10.89,10.95,10.83,10.95,74091
2015-01-15 16:00:00-05:00,10.95,10.97,10.84,10.97,63012
2015-01-16 16:00:00-05:00,11.0,11.0,10.95,11.0,31732
2015-01-20 16:00:00-05:00,11.02,11.1,11.02,11.09,55561
2015-01-21 16:00:00-05:00,11.1,11.12,11.0,11.12,45430
2015-01-22 16:00:00-05:00,11.14,11.16,11.07,11.16,43004
2015-01-23 16:00:00-05:00,11.16,11.16,11.1,11.11,36616
2015-01-26 16:00:00-05:00,11.13,11.13,11.03,11.09,30522
2015-01-27 16:00:00-05:00,11.13,11.23,11.06,11.21,36762
2015-01-28 16:00:00-05:00,11.25,11.38,11.236,11.3,46238
2015-01-29 16:00:00-05:00,11.21,11.34,11.21,11.31,50798
2015-01-30 16:00:00-05:00,11.32,11.44,11.32,11.38,29727
2015-02-02 16:00:00-05:00,11.46,11.48,11.24,11.47,31512
2015-02-03 16:00:00-05:00,11.48,11.53,11.33,11.33,38147
2015-02-04 16:00:00-05:00,11.34,11.36,11.15,11.24,44238
2015-02-05 16:00:00-05:00,11.24,11.28,11.18,11.23,32950
2015-02-06 16:00:00-05:00,11.19,11.3,11.18,11.2101,27991
2015-02-09 16:00:00-05:00,11.25,11.29,11.22,11.28,55933
2015-02-10 16:00:00-05:00,11.21,11.21,11.07,11.14,39554
2015-02-11 16:00:00-05:00,11.14,11.14,11.08,11.08,34709
2015-02-12 16:00:00-05:00,11.03,11.0601,11.01,11.0101,85034
2015-02-13 16:00:00-05:00,11.02,11.02,10.84,10.88,101397
2015-02-17 16:00:00-05:00,10.94,10.94,10.67,10.7,87516
2015-02-18 16:00:00-05:00,10.72,10.81,10.66,10.7,150966
2015-02-19 16:00:00-05:00,10.74,10.77,10.67,10.7,106993
2015-02-20 16:00:00-05:00,10.7,10.78,10.7,10.75,67538
2015-02-23 16:00:00-05:00,10.74,10.83,10.74,10.8,114102
2015-02-24 16:00:00-05:00,10.8,10.92,10.78,10.88,52107
2015-02-25 16:00:00-05:00,10.91,10.98,10.9,10.95,34670
2015-02-26 16:00:00-05:00,10.94,10.96,10.84,10.86,18624
2015-02-27 16:00:00-05:00,10.92,11.025,10.88,11.01,45551
2015-03-02 16:00:00-05:00,11.02,11.09,10.94,10.98,85645
2015-03-03 16:00:00-05:00,10.96,11.03,10.94,11.03,34128
2015-03-04 16:00:00-05:00,11.0,11.05,10.9701,11.05,17451
2015-03-05 16:00:00-05:00,11.07,11.07,11.0,11.06,30447
2015-03-06 16:00:00-05:00,11.0,11.1,10.91,10.93,48458
2015-03-09 16:00:00-04:00,10.85,10.94,10.85,10.93,35963
2015-03-10 16:00:00-04:00,10.89,10.91,10.84,10.8684,27103
2015-03-11 16:00:00-04:00,10.87,10.89,10.83,10.88,20420
2015-03-12 16:00:00-04:00,10.89,10.92,10.84,10.89,25111
2015-03-13 16:00:00-04:00,10.85,10.95,10.83,10.88,25139
2015-03-16 16:00:00-04:00,10.9,11.1,10.81,10.839,32014
2015-03-17 16:00:00-04:00,10.79,10.81,10.75,10.78,30507
2015-03-18 16:00:00-04:00,10.79,10.91,10.76,10.83,43787
2015-03-19 16:00:00-04:00,10.85,10.85,10.72,10.74,52813
2015-03-20 16:00:00-04:00,10.76,10.85,10.76,10.84,19355
2015-03-23 16:00:00-04:00,10.85,10.94,10.79,10.86,33787
2015-03-24 16:00:00-04:00,10.81,10.8684,10.79,10.86,29604
2015-03-25 16:00:00-04:00,10.86,10.89,10.84,10.84,26744
2015-03-26 16:00:00-04:00,10.84,10.889,10.84,10.85,29041
2015-03-27 16:00:00-04:00,10.87,10.94,10.86,10.88,14947
2015-03-30 16:00:00-04:00,10.88,10.88,10.8,10.83,21305
2015-03-31 16:00:00-04:00,10.8,10.89,10.79,10.89,45067
2015-04-01 16:00:00-04:00,10.91,10.99,10.8901,10.91,32728
2015-04-02 16:00:00-04:00,10.86,10.94,10.84,10.87,40277
2015-04-06 16:00:00-04:00,10.9,10.96,10.8601,10.8701,36496
2015-04-07 16:00:00-04:00,10.83,10.91,10.82,10.91,62138
2015-04-08 16:00:00-04:00,10.84,10.909,10.84,10.89,68872
2015-04-09 16:00:00-04:00,10.85,10.855,10.81,10.8284,37445
2015-04-10 16:00:00-04:00,10.8,10.86,10.79,10.8499,47368
2015-04-13 16:00:00-04:00,10.83,10.85,10.68,10.74,120601
2015-04-14 16:00:00-04:00,10.75,10.83,10.74,10.8168,22318
2015-04-15 16:00:00-04:00,10.78,10.84,10.77,10.82,34982
2015-04-16 16:00:00-04:00,10.85,10.89,10.83,10.89,29978
2015-04-17 16:00:00-04:00,10.85,10.97,10.84,10.97,30886
2015-04-20 16:00:00-04:00,10.98,10.98,10.92,10.95,40438
2015-04-21 16:00:00-04:00,10.93,10.98,10.9,10.95,21432
2015-04-22 16:00:00-04:00,10.95,10.98,10.9,10.9,38767
2015-04-23 16:00:00-04:00,10.93,10.95,10.9,10.94,30766
2015-04-24 16:00:00-04:00,10.95,10.9699,10.91,10.96,22285
2015-04-27 16:00:00-04:00,10.98,10.98,10.95,10.9616,18214
2015-04-28 16:00:00-04:00,10.95,11.05,10.95,11.0,98575
2015-04-29 16:00:00-04:00,10.98,11.0,10.89,10.95,56529
2015-04-30 16:00:00-04:00,10.94,10.97,10.9,10.97,38807
2015-05-01 16:00:00-04:00,10.99,10.99,10.9,10.92,49318
2015-05-04 16:00:00-04:00,10.91,10.929,10.86,10.9183,39174
2015-05-05 16:00:00-04:00,10.92,10.95,10.86,10.95,50034
2015-05-06 16:00:00-04:00,10.89,10.91,10.75,10.81,69358
2015-05-07 16:00:00-04:00,10.79,10.8,10.62,10.65,136277
2015-05-08 16:00:00-04:00,10.68,10.77,10.65,10.74,41650
2015-05-11 16:00:00-04:00,10.7,10.72,10.65,10.68,53282
2015-05-12 16:00:00-04:00,10.66,10.75,10.63,10.71,55213
2015-05-13 16:00:00-04:00,10.67,10.72,10.66,10.72,24182
2015-05-14 16:00:00-04:00,10.68,10.74,10.67,10.7001,23556
2015-05-15 16:00:00-04:00,10.72,10.77,10.69,10.74,42915
2015-05-18 16:00:00-04:00,10.69,10.73,10.66,10.66,60457
2015-05-19 16:00:00-04:00,10.65,10.73,10.63,10.7,56967
2015-05-20 16:00:00-04:00,10.74,10.74,10.65,10.69,39296
2015-05-21 16:00:00-04:00,10.71,10.77,10.66,10.74,59079
2015-05-22 16:00:00-04:00,10.72,10.76,10.67,10.72,59484
2015-05-26 16:00:00-04:00,10.73,10.73,10.65,10.719,47031
2015-05-27 16:00:00-04:00,10.73,10.78,10.67,10.78,44288
2015-05-28 16:00:00-04:00,10.82,10.82,10.72,10.741,53491
2015-05-29 16:00:00-04:00,10.73,10.88,10.71,10.8,23812
2015-06-01 16:00:00-04:00,10.79,10.83,10.72,10.81,52721
2015-06-02 16:00:00-04:00,10.8,10.88,10.75,10.8,75972
2015-06-03 16:00:00-04:00,10.78,10.82,10.72,10.75,48845
2015-06-04 16:00:00-04:00,10.73,10.7397,10.68,10.68,40033
2015-06-05 16:00:00-04:00,10.67,10.7,10.58,10.63,78249
2015-06-08 16:00:00-04:00,10.55,10.5925,10.53,10.54,68739
2015-06-09 16:00:00-04:00,10.5,10.5128,10.3,10.35,147700
2015-06-10 16:00:00-04:00,10.34,10.39,10.29,10.31,92275
2015-06-11 16:00:00-04:00,10.3,10.37,10.3,10.33,82552
2015-06-12 16:00:00-04:00,10.33,10.41,10.29,10.4,37400
2015-06-15 16:00:00-04:00,10.38,10.5,10.34,10.47,45786
2015-06-16 16:00:00-04:00,10.43,10.4499,10.37,10.39,34888
2015-06-17 16:00:00-04:00,10.4,10.4,10.3632,10.38,48821
2015-06-18 16:00:00-04:00,10.35,10.4,10.35,10.4,49259
2015-06-19 16:00:00-04:00,10.39,10.39,10.37,10.39,15034
2015-06-22 16:00:00-04:00,10.39,10.44,10.33,10.35,43470
2015-06-23 16:00:00-04:00,10.35,10.43,10.35,10.42,30224
2015-06-24 16:00:00-04:00,10.39,10.4,10.33,10.36,48292
2015-06-25 16:00:00-04:00,10.33,10.34,10.26,10.28,33496
2015-06-26 16:00:00-04:00,10.27,10.28,10.23,10.23,32825
2015-06-29 16:00:00-04:00,10.24,10.35,10.23,10.31,70231
2015-06-30 16:00:00-04:00,10.29,10.2951,10.25,10.29,77266
2015-07-01 16:00:00-04:00,10.29,10.33,10.26,10.27,41659
2015-07-02 16:00:00-04:00,10.27,10.35,10.27,10.3,47926
2015-07-06 16:00:00-04:00,10.36,10.37,10.34,10.3568,36239
2015-07-07 16:00:00-04:00,10.38,10.45,10.36,10.38,75422
2015-07-08 16:00:00-04:00,10.36,10.51,10.35,10.51,39431
2015-07-09 16:00:00-04:00,10.4,10.4,10.32,10.35,32233
2015-07-10 16:00:00-04:00,10.33,10.57,10.32,10.44,96460
2015-07-13 16:00:00-04:00,10.44,10.44,10.37,10.37,19377
2015-07-14 16:00:00-04:00,10.36,10.44,10.34,10.43,32745
2015-07-15 16:00:00-04:00,10.45,10.45,10.38,10.39,22218
2015-07-16 16:00:00-04:00,10.4,10.47,10.34,10.45,64617
2015-07-17 16:00:00-04:00,10.48,10.48,10.36,10.43,39015
2015-07-20 16:00:00-04:00,10.4,10.4,10.32,10.33,51097
2015-07-21 16:00:00-04:00,10.33,10.45,10.31,10.37,33216
2015-07-22 16:00:00-04:00,10.36,10.37,10.31,10.34,24974
2015-07-23 16:00:00-04:00,10.32,10.32,10.29,10.31,32294
2015-07-24 16:00:00-04:00,10.31,10.36,10.3,10.34,28176
2015-07-27 16:00:00-04:00,10.34,10.4,10.34,10.4,15843
2015-07-28 16:00:00-04:00,10.42,10.42,10.36,10.37,6649
2015-07-29 16:00:00-04:00,10.36,10.44,10.35,10.36,14756
2015-07-30 16:00:00-04:00,10.38,10.42,10.35,10.39,13072
2015-07-31 16:00:00-04:00,10.4,10.4699,10.39,10.45,22396
2015-08-03 16:00:00-04:00,10.52,10.89,10.48,10.52,41555
2015-08-04 16:00:00-04:00,10.5,10.53,10.44,10.52,35115
2015-08-05 16:00:00-04:00,10.54,10.54,10.46,10.48,45290
2015-08-06 16:00:00-04:00,10.45,10.57,10.43,10.57,28185
2015-08-07 16:00:00-04:00,10.58,10.6365,10.55,10.56,23211
2015-08-10 16:00:00-04:00,10.59,10.66,10.54,10.6,53907
2015-08-11 16:00:00-04:00,10.6,10.63,10.58,10.62,13590
2015-08-12 16:00:00-04:00,10.57,10.71,10.57,10.63,17960
2015-08-13 16:00:00-04:00,10.61,10.66,10.51,10.64,49168
2015-08-14 16:00:00-04:00,10.65,10.66,10.5301,10.6,40777
2015-08-17 16:00:00-04:00,10.61,10.68,10.59,10.65,30248
2015-08-18 16:00:00-04:00,10.65,10.9,10.59,10.78,121319
2015-08-19 16:00:00-04:00,10.79,10.79,10.68,10.78,49472
2015-08-20 16:00:00-04:00,10.83,10.83,10.7,10.78,35242
2015-08-21 16:00:00-04:00,10.78,10.818,10.71,10.78,41152
2015-08-24 16:00:00-04:00,10.72,10.73,10.64,10.66,53730
2015-08-25 16:00:00-04:00,10.69,10.81,10.64,10.69,51696
2015-08-26 16:00:00-04:00,10.79,10.83,10.721,10.78,106241
2015-08-27 16:00:00-04:00,10.84,10.85,10.69,10.77,63002
2015-08-28 16:00:00-04:00,10.82,10.84,10.7,10.7,28617
2015-08-31 16:00:00-04:00,10.75,10.82,10.75,10.79,48469
2015-09-01 16:00:00-04:00,10.87,10.88,10.77,10.82,67008
2015-09-02 16:00:00-04:00,10.86,10.9,10.8,10.88,33596
2015-09-03 16:00:00-04:00,10.88,10.98,10.84,10.94,62535
2015-09-04 16:00:00-04:00,10.97,10.9799,10.83,10.8701,32939
2015-09-08 16:00:00-04:00,10.9,11.0,10.84,10.92,76217
2015-09-09 16:00:00-04:00,10.89,10.93,10.81,10.83,64595
2015-09-10 16:00:00-04:00,10.87,10.87,10.8,10.85,30301
2015-09-11 16:00:00-04:00,10.85,10.87,10.8,10.87,57896
2015-09-14 16:00:00-04:00,10.86,10.87,10.76,10.79,58217
2015-09-15 16:00:00-04:00,10.78,10.79,10.74,10.74,83325
2015-09-16 16:00:00-04:00,10.75,10.81,10.75,10.76,22485
2015-09-17 16:00:00-04:00,10.8,10.8852,10.7712,10.85,51747
2015-09-18 16:00:00-04:00,10.89,10.99,10.89,10.93,52837
2015-09-21 16:00:00-04:00,10.97,10.97,10.88,10.88,38991
2015-09-22 16:00:00-04:00,10.87,10.94,10.85,10.88,71627
2015-09-23 16:00:00-04:00,10.87,10.94,10.87,10.88,22711
2015-09-24 16:00:00-04:00,10.88,10.92,10.85,10.86,48636
2015-09-25 16:00:00-04:00,10.85,10.88,10.84,10.87,26539
2015-09-28 16:00:00-04:00,10.91,10.92,10.86,10.88,28769
2015-09-29 16:00:00-04:00,10.92,10.95,10.8801,10.92,30375
2015-09-30 16:00:00-04:00,10.95,10.95,10.9,10.94,32167
2015-10-01 16:00:00-04:00,10.97,11.04,10.95,10.98,37123
2015-10-02 16:00:00-04:00,11.01,11.1,10.99,11.09,33742
2015-10-05 16:00:00-04:00,11.07,11.11,11.05,11.06,20864
2015-10-06 16:00:00-04:00,11.09,11.14,11.04,11.13,33752
2015-10-07 16:00:00-04:00,11.16,11.205,11.01,11.18,53989
2015-10-08 16:00:00-04:00,11.2,11.23,11.11,11.23,19423
2015-10-09 16:00:00-04:00,11.23,11.2499,11.12,11.15,18878
2015-10-12 16:00:00-04:00,11.16,11.1799,11.11,11.15,21127
2015-10-13 16:00:00-04:00,11.15,11.22,11.12,11.2,27083
2015-10-14 16:00:00-04:00,11.24,11.25,11.1363,11.19,39692
2015-10-15 16:00:00-04:00,11.24,11.31,11.159,11.2,32402
2015-10-16 16:00:00-04:00,11.17,11.2899,11.15,11.25,47558
2015-10-19 16:00:00-04:00,11.29,11.33,11.19,11.29,41925
2015-10-20 16:00:00-04:00,11.26,11.32,11.24,11.3,38522
2015-10-21 16:00:00-04:00,11.37,11.38,11.29,11.31,53208
2015-10-22 16:00:00-04:00,11.35,11.38,11.23,11.318,27909
2015-10-23 16:00:00-04:00,11.37,11.39,11.32,11.38,38716
2015-10-26 16:00:00-04:00,11.38,11.39,11.33,11.39,14478
2015-10-27 16:00:00-04:00,11.38,11.39,11.33,11.39,52066
2015-10-28 16:00:00-04:00,11.39,11.41,11.32,11.4,100388
2015-10-29 16:00:00-04:00,11.41,11.41,11.3,11.35,30114
2015-10-30 16:00:00-04:00,11.33,11.4,11.33,11.36,65317
2015-11-02 16:00:00-05:00,11.39,11.45,11.35,11.44,46020
2015-11-03 16:00:00-05:00,11.445,11.5,11.445,11.48,49629
2015-11-04 16:00:00-05:00,11.51,11.51,11.45,11.49,65464
2015-11-05 16:00:00-05:00,11.5,11.51,11.47,11.51,40151
2015-11-06 16:00:00-05:00,11.44,11.44,11.12,11.4,114094
2015-11-09 16:00:00-05:00,11.27,11.271,11.08,11.15,52578
2015-11-10 16:00:00-05:00,11.14,11.41,11.1,11.2499,55063
2015-11-11 16:00:00-05:00,11.21,11.21,11.13,11.14,33844
2015-11-12 16:00:00-05:00,11.09,11.27,11.08,11.25,17843
2015-11-13 16:00:00-05:00,11.28,11.4,11.16,11.38,25645
2015-11-16 16:00:00-05:00,11.4,11.42,11.34,11.41,9239
2015-11-17 16:00:00-05:00,11.38,11.4,11.3,11.399,18141
2015-11-18 16:00:00-05:00,11.4,11.401,11.3,11.33,32334
2015-11-19 16:00:00-05:00,11.31,11.32,11.15,11.19,66208
2015-11-20 16:00:00-05:00,11.29,11.33,11.22,11.29,35194
2015-11-23 16:00:00-05:00,11.3,11.46,11.3,11.34,55506
2015-11-24 16:00:00-05:00,11.28,11.4,11.262,11.29,40174
2015-11-25 16:00:00-05:00,11.32,11.37,11.32,11.35,5134
2015-11-27 16:00:00-05:00,11.28,11.34,11.27,11.31,10880
2015-11-30 16:00:00-05:00,11.28,11.31,11.24,11.25,37467
2015-12-01 16:00:00-05:00,11.34,11.4099,11.3,11.39,55624
2015-12-02 16:00:00-05:00,11.36,11.39,11.3,11.32,66744
2015-12-03 16:00:00-05:00,11.32,11.34,11.27,11.34,56269
2015-12-04 16:00:00-05:00,11.34,11.44,11.31,11.4,70360
2015-12-07 16:00:00-05:00,11.35,11.38,11.31,11.32,53925
2015-12-08 16:00:00-05:00,11.32,11.46,11.32,11.44,73340
2015-12-09 16:00:00-05:00,11.37,11.381,11.26,11.31,46200
2015-12-10 16:00:00-05:00,11.28,11.34,11.27,11.3,47167
2015-12-11 16:00:00-05:00,11.32,11.64,11.25,11.26,219402
2015-12-14 16:00:00-05:00,11.3,11.3,11.15,11.21,194599
2015-12-15 16:00:00-05:00,11.23,11.31,11.2,11.27,43905
2015-12-16 16:00:00-05:00,11.31,11.63,11.15,11.53,160866
2015-12-17 16:00:00-05:00,11.55,11.75,11.49,11.64,151427
2015-12-18 16:00:00-05:00,11.66,11.67,11.52,11.61,20368
2015-12-21 16:00:00-05:00,11.66,11.68,11.57,11.59,27708
2015-12-22 16:00:00-05:00,11.53,11.53,11.41,11.45,44031
2015-12-23 16:00:00-05:00,11.49,11.62,11.42,11.61,50608
2015-12-24 16:00:00-05:00,11.57,11.64,11.57,11.59,7168
2015-12-28 16:00:00-05:00,11.63,11.75,11.59,11.71,48587
2015-12-29 16:00:00-05:00,11.75,11.87,11.62,11.8,48762
2015-12-30 16:00:00-05:00,11.8,11.9202,11.7401,11.92,31394
2015-12-31 16:00:00-05:00,11.87,11.97,11.845,11.92,45319
2016-01-04 16:00:00-05:00,11.91,11.9291,11.82,11.84,42598
2016-01-05 16:00:00-05:00,11.9,11.95,11.87,11.91,16144
2016-01-06 16:00:00-05:00,12.0,12.32,11.93,11.95,104208
2016-01-07 16:00:00-05:00,12.0,12.04,11.9,11.94,89189
2016-01-08 16:00:00-05:00,11.94,12.09,11.94,12.03,65449
2016-01-11 16:00:00-05:00,12.01,12.05,11.94,12.01,120815
2016-01-12 16:00:00-05:00,11.92,11.94,11.75,11.91,135969
2016-01-13 16:00:00-05:00,11.95,11.95,11.84,11.86,94690
2016-01-14 16:00:00-05:00,11.92,11.92,11.72,11.81,69635
2016-01-15 16:00:00-05:00,11.75,11.87,11.7,11.84,84929
2016-01-19 16:00:00-05:00,12.04,12.139,11.92,12.09,171169
2016-01-20 16:00:00-05:00,12.07,12.0701,11.91,12.05,95505
2016-01-21 16:00:00-05:00,12.06,12.12,11.97,12.03,65722
2016-01-22 16:00:00-05:00,12.09,12.1,12.04,12.04,35034
2016-01-25 16:00:00-05:00,12.01,12.03,11.96,11.99,41517
2016-01-26 16:00:00-05:00,12.03,12.041,11.86,11.95,72112
2016-01-27 16:00:00-05:00,12.01,12.09,11.9,12.07,57263
2016-01-28 16:00:00-05:00,12.03,12.17,11.98,12.09,46178
2016-01-29 16:00:00-05:00,12.15,12.15,12.03,12.07,53520
2016-02-01 16:00:00-05:00,12.1,12.17,11.92,12.17,81760
2016-02-02 16:00:00-05:00,12.13,12.19,12.09,12.12,44572
2016-02-03 16:00:00-05:00,12.16,12.19,12.08,12.16,47264
2016-02-04 16:00:00-05:00,12.18,12.2,12.1,12.1,53592
2016-02-05 16:00:00-05:00,12.18,12.2,12.12,12.12,31898
2016-02-08 16:00:00-05:00,12.09,12.18,12.04,12.04,55358
2016-02-09 16:00:00-05:00,11.98,12.2,11.98,12.09,74574
2016-02-10 16:00:00-05:00,12.07,12.25,12.0301,12.2,45087
2016-02-11 16:00:00-05:00,12.2,12.2,12.0,12.01,47057
2016-02-12 16:00:00-05:00,12.14,12.16,12.015,12.07,38672
2016-02-16 16:00:00-05:00,12.11,12.13,12.04,12.07,33414
2016-02-17 16:00:00-05:00,12.11,12.13,12.0101,12.11,42141
2016-02-18 16:00:00-05:00,12.08,12.08,11.84,11.94,62111
2016-02-19 16:00:00-05:00,11.94,12.01,11.88,11.88,39513
2016-02-22 16:00:00-05:00,11.85,11.93,11.85,11.87,36074
2016-02-23 16:00:00-05:00,11.86,11.96,11.85,11.93,59591
2016-02-24 16:00:00-05:00,11.98,12.03,11.95,11.95,38108
2016-02-25 16:00:00-05:00,11.99,11.99,11.92,11.98,14757
2016-02-26 16:00:00-05:00,11.97,12.01,11.932,11.96,40853
2016-02-29 16:00:00-05:00,12.02,12.2,11.98,12.19,38000
2016-03-01 16:00:00-05:00,12.19,12.233,12.13,12.2,73629
2016-03-02 16:00:00-05:00,12.19,12.21,12.02,12.08,63125
2016-03-03 16:00:00-05:00,12.09,12.1,12.03,12.06,26248
2016-03-04 16:00:00-05:00,12.08,12.08,11.88,11.98,140757
2016-03-07 16:00:00-05:00,11.93,11.99,11.89,11.99,66719
2016-03-08 16:00:00-05:00,12.02,12.05,11.96,12.05,69236
2016-03-09 16:00:00-05:00,11.95,11.99,11.86,11.9,99709
2016-03-10 16:00:00-05:00,11.98,11.99,11.81,11.9,63488
2016-03-11 16:00:00-05:00,11.87,11.87,11.8,11.83,61210
2016-03-14 16:00:00-04:00,11.84,11.9,11.83,11.89,33688
2016-03-15 16:00:00-04:00,11.88,11.93,11.83,11.83,64171
2016-03-16 16:00:00-04:00,11.83,11.93,11.83,11.93,25910
2016-03-17 16:00:00-04:00,11.9,12.03,11.84,12.03,77164
2016-03-18 16:00:00-04:00,12.05,12.05,11.94,11.94,31225
2016-03-21 16:00:00-04:00,11.94,11.99,11.9,11.9,37533
2016-03-22 16:00:00-04:00,11.81,11.95,11.75,11.82,143018
2016-03-23 16:00:00-04:00,11.9,12.0,11.9,11.97,33113
2016-03-24 16:00:00-04:00,11.92,11.98,11.92,11.98,10347
2016-03-28 16:00:00-04:00,11.92,11.9899,11.91,11.92,51432
2016-03-29 16:00:00-04:00,11.94,12.0,11.9,11.9,50652
2016-03-30 16:00:00-04:00,11.95,11.95,11.83,11.83,89691
2016-03-31 16:00:00-04:00,11.86,11.9,11.75,11.75,102360
2016-04-01 16:00:00-04:00,11.75,11.79,11.74,11.74,69837
2016-04-04 16:00:00-04:00,11.75,11.82,11.74,11.8,42980
2016-04-05 16:00:00-04:00,11.82,11.89,11.81,11.84,29569
2016-04-06 16:00:00-04:00,11.85,11.97,11.85,11.91,50921
2016-04-07 16:00:00-04:00,11.91,11.98,11.9,11.92,59491
2016-04-08 16:00:00-04:00,11.98,11.98,11.91,11.96,45039
2016-04-11 16:00:00-04:00,11.95,11.98,11.93,11.93,12921
2016-04-12 16:00:00-04:00,11.97,11.97,11.88,11.949,42180
2016-04-13 16:00:00-04:00,11.97,12.08,11.8501,11.98,61240
2016-04-14 16:00:00-04:00,11.95,12.01,11.95,11.97,29569
2016-04-15 16:00:00-04:00,12.0,12.07,11.95,12.0699,31675
2016-04-18 16:00:00-04:00,12.07,12.07,11.98,12.0,45276
2016-04-19 16:00:00-04:00,12.03,12.03,11.92,11.99,27906
2016-04-20 16:00:00-04:00,11.98,12.02,11.98,12.02,7797
2016-04-21 16:00:00-04:00,12.02,12.05,11.98,12.04,25437
2016-04-22 16:00:00-04:00,12.03,12.1,12.0,12.1,37934
2016-04-25 16:00:00-04:00,12.11,12.17,12.025,12.09,50906
2016-04-26 16:00:00-04:00,12.14,12.17,12.1,12.14,30831
2016-04-27 16:00:00-04:00,12.17,12.2,12.15,12.19,69002
2016-04-28 16:00:00-04:00,12.13,12.22,12.13,12.15,36324
2016-04-29 16:00:00-04:00,12.1,12.14,12.05,12.11,40354
2016-05-02 16:00:00-04:00,12.16,12.198,12.1001,12.1001,28018
2016-05-03 16:00:00-04:00,12.07,12.19,12.062,12.14,40588
2016-05-04 16:00:00-04:00,12.17,12.17,12.06,12.08,49580
2016-05-05 16:00:00-04:00,12.11,12.115,12.04,12.04,54519
2016-05-06 16:00:00-04:00,12.04,12.15,12.01,12.09,75860
2016-05-09 16:00:00-04:00,12.11,12.23,12.11,12.22,38124
2016-05-10 16:00:00-04:00,12.2,12.22,12.14,12.2099,28102
2016-05-11 16:00:00-04:00,12.21,12.25,12.15,12.18,28399
2016-05-12 16:00:00-04:00,12.16,12.21,12.15,12.15,33686
2016-05-13 16:00:00-04:00,12.17,12.21,12.11,12.11,38091
2016-05-16 16:00:00-04:00,12.09,12.09,11.98,12.0,64453
2016-05-17 16:00:00-04:00,11.97,12.07,11.97,12.04,44928
2016-05-18 16:00:00-04:00,11.99,12.008,11.9,11.9,43512
2016-05-19 16:00:00-04:00,11.85,11.86,11.6,11.63,152396
2016-05-20 16:00:00-04:00,11.62,11.72,11.62,11.69,21849
2016-05-23 16:00:00-04:00,11.74,11.81,11.72,11.73,58054
2016-05-24 16:00:00-04:00,11.8,11.84,11.75,11.79,32955
2016-05-25 16:00:00-04:00,11.79,11.87,11.7899,11.82,39427
2016-05-26 16:00:00-04:00,11.85,11.9,11.83,11.87,27781
2016-05-27 16:00:00-04:00,11.87,11.9,11.82,11.85,31624
2016-05-31 16:00:00-04:00,11.82,11.82,11.72,11.72,46719
2016-06-01 16:00:00-04:00,11.79,11.94,11.74,11.89,40330
2016-06-02 16:00:00-04:00,11.94,12.02,11.89,11.94,56122
2016-06-03 16:00:00-04:00,12.03,12.03,11.94,11.99,33777
2016-06-06 16:00:00-04:00,11.95,12.03,11.95,11.98,42264
2016-06-07 16:00:00-04:00,11.99,12.05,11.99,12.0,37532
2016-06-08 16:00:00-04:00,12.0,12.1,12.0,12.1,44252
2016-06-09 16:00:00-04:00,12.06,12.06,12.01,12.02,32664
2016-06-10 16:00:00-04:00,12.11,12.15,11.83,11.86,134232
2016-06-13 16:00:00-04:00,11.93,12.06,11.89,11.92,30976
2016-06-14 16:00:00-04:00,11.98,11.98,11.8,11.9,79899
2016-06-15 16:00:00-04:00,11.92,12.05,11.87,12.03,66749
2016-06-16 16:00:00-04:00,12.06,12.06,12.0252,12.04,7753
2016-06-17 16:00:00-04:00,12.08,12.08,11.98,12.01,19394
2016-06-20 16:00:00-04:00,11.97,12.0599,11.97,12.03,17100
2016-06-21 16:00:00-04:00,12.06,12.08,12.0,12.07,23368
2016-06-22 16:00:00-04:00,12.08,12.16,12.0735,12.15,35454
2016-06-23 16:00:00-04:00,12.15,12.15,12.04,12.06,34437
2016-06-24 16:00:00-04:00,12.04,12.16,12.04,12.11,19068
2016-06-27 16:00:00-04:00,12.06,12.17,12.06,12.14,42768
2016-06-28 16:00:00-04:00,12.18,12.23,12.14,12.2,28567
2016-06-29 16:00:00-04:00,12.17,12.27,12.15,12.25,28295
2016-06-30 16:00:00-04:00,12.22,12.41,12.22,12.3,25072
2016-07-01 16:00:00-04:00,12.34,12.53,12.34,12.46,59490
2016-07-05 16:00:00-04:00,12.48,12.53,12.42,12.53,43405
2016-07-06 16:00:00-04:00,12.5,12.68,12.5,12.59,52578
2016-07-07 16:00:00-04:00,12.6,12.61,12.53,12.57,25570
2016-07-08 16:00:00-04:00,12.61,12.62,12.53,12.53,52039
2016-07-11 16:00:00-04:00,12.64,12.64,12.48,12.55,50493
2016-07-12 16:00:00-04:00,12.52,12.52,12.37,12.39,45618
2016-07-13 16:00:00-04:00,12.4,12.4,12.21,12.2201,41745
2016-07-14 16:00:00-04:00,12.3,12.3,12.04,12.06,96150
2016-07-15 16:00:00-04:00,12.14,12.36,12.04,12.21,112622
2016-07-18 16:00:00-04:00,12.22,12.39,12.22,12.37,47129
2016-07-19 16:00:00-04:00,12.45,12.48,12.38,12.38,69583
2016-07-20 16:00:00-04:00,12.42,12.44,12.36,12.42,32394
2016-07-21 16:00:00-04:00,12.4,12.57,12.4,12.53,64575
2016-07-22 16:00:00-04:00,12.48,12.65,12.48,12.65,29012
2016-07-25 16:00:00-04:00,12.55,12.6501,12.54,12.626,40620
2016-07-26 16:00:00-04:00,12.66,12.68,12.6,12.6,27002
2016-07-27 16:00:00-04:00,12.67,12.68,12.62,12.62,17005
2016-07-28 16:00:00-04:00,12.68,12.7299,12.6199,12.64,16227
2016-07-29 16:00:00-04:00,12.65,12.83,12.65,12.78,38688
2016-08-01 16:00:00-04:00,12.78,12.92,12.73,12.9,55549
2016-08-02 16:00:00-04:00,12.87,12.87,12.75,12.87,22149
2016-08-03 16:00:00-04:00,12.84,12.95,12.84,12.91,24858
2016-08-04 16:00:00-04:00,12.95,12.95,12.91,12.95,24675
2016-08-05 16:00:00-04:00,12.92,12.98,12.9101,12.98,32864
2016-08-08 16:00:00-04:00,13.0,13.08,12.98,13.01,45397
2016-08-09 16:00:00-04:00,13.04,13.04,12.92,12.95,26933
2016-08-10 16:00:00-04:00,12.99,13.0899,12.94,12.99,20198
2016-08-11 16:00:00-04:00,13.11,13.11,13.0301,13.05,49931
2016-08-12 16:00:00-04:00,13.11,13.11,13.0127,13.02,15187
2016-08-15 16:00:00-04:00,13.01,13.05,12.92,12.93,43480
2016-08-16 16:00:00-04:00,12.99,13.03,12.89,12.9699,26815
2016-08-17 16:00:00-04:00,13.0,13.05,12.9,12.99,18690
2016-08-18 16:00:00-04:00,13.0,13.0,12.93,12.9698,20451
2016-08-19 16:00:00-04:00,12.99,13.01,12.9301,13.01,19385
2016-08-22 16:00:00-04:00,13.01,13.01,12.9087,12.946,14673
2016-08-23 16:00:00-04:00,12.95,12.98,12.87,12.8992,29253
2016-08-24 16:00:00-04:00,12.86,12.8728,12.79,12.8,34519
2016-08-25 16:00:00-04:00,12.79,12.7999,12.69,12.71,25148
2016-08-26 16:00:00-04:00,12.73,12.75,12.65,12.66,25759
2016-08-29 16:00:00-04:00,12.71,12.79,12.6701,12.75,31724
2016-08-30 16:00:00-04:00,12.79,12.8,12.73,12.78,23756
2016-08-31 16:00:00-04:00,12.75,12.86,12.75,12.82,25005
2016-09-01 16:00:00-04:00,12.88,12.92,12.815,12.86,53143
2016-09-02 16:00:00-04:00,12.87,12.97,12.81,12.87,23655
2016-09-06 16:00:00-04:00,12.91,12.97,12.9,12.93,70268
2016-09-07 16:00:00-04:00,12.97,13.0,12.93,12.99,82788
2016-09-08 16:00:00-04:00,12.97,13.07,12.92,12.99,91512
2016-09-09 16:00:00-04:00,12.94,12.95,12.65,12.73,96551
2016-09-12 16:00:00-04:00,12.68,12.88,12.66,12.86,53218
2016-09-13 16:00:00-04:00,12.88,12.89,12.73,12.7808,49946
2016-09-14 16:00:00-04:00,12.86,12.86,12.65,12.7001,42966
2016-09-15 16:00:00-04:00,12.75,12.75,12.64,12.66,31594
2016-09-16 16:00:00-04:00,12.75,12.75,12.5,12.55,36517
2016-09-19 16:00:00-04:00,12.62,12.69,12.48,12.52,33231
2016-09-20 16:00:00-04:00,12.49,12.72,12.49,12.61,31436
2016-09-21 16:00:00-04:00,12.7,12.7901,12.68,12.78,8314
2016-09-22 16:00:00-04:00,12.85,12.93,12.77,12.89,18014
2016-09-23 16:00:00-04:00,12.87,12.87,12.81,12.82,25948
2016-09-26 16:00:00-04:00,12.87,12.89,12.78,12.8,46798
2016-09-27 16:00:00-04:00,12.86,12.94,12.75,12.8,60068
2016-09-28 16:00:00-04:00,12.9,12.98,12.75,12.965,53206
2016-09-29 16:00:00-04:00,13.0,13.0,12.7601,12.8,42708
2016-09-30 16:00:00-04:00,12.9,12.9,12.75,12.83,38590
2016-10-03 16:00:00-04:00,12.8,12.91,12.73,12.74,69325
2016-10-04 16:00:00-04:00,12.72,12.76,12.65,12.69,82900
2016-10-05 16:00:00-04:00,12.64,12.69,12.585,12.66,157162
2016-10-06 16:00:00-04:00,12.63,12.73,12.595,12.65,51214
2016-10-07 16:00:00-04:00,12.66,12.69,12.54,12.55,27745
2016-10-10 16:00:00-04:00,12.52,12.69,12.48,12.65,69948
2016-10-11 16:00:00-04:00,12.6,12.622,12.37,12.4592,66803
2016-10-12 16:00:00-04:00,12.39,12.42,12.28,12.29,84769
2016-10-13 16:00:00-04:00,12.26,12.2924,12.1,12.1,72536
2016-10-14 16:00:00-04:00,12.1,12.17,11.94,11.9617,108839
2016-10-17 16:00:00-04:00,11.89,12.02,11.87,11.88,149785
2016-10-18 16:00:00-04:00,11.89,12.1,11.89,12.1,30911
2016-10-19 16:00:00-04:00,12.11,12.44,12.11,12.39,45936
2016-10-20 16:00:00-04:00,12.39,12.4764,12.3377,12.35,38481
2016-10-21 16:00:00-04:00,12.47,12.51,12.25,12.28,69580
2016-10-24 16:00:00-04:00,12.37,12.37,12.15,12.15,89998
2016-10-25 16:00:00-04:00,12.22,12.244,12.1666,12.2299,44255
2016-10-26 16:00:00-04:00,12.25,12.25,12.17,12.24,30457
2016-10-27 16:00:00-04:00,12.23,12.23,12.07,12.11,23268
2016-10-28 16:00:00-04:00,12.11,12.143,12.0,12.0,92180
2016-10-31 16:00:00-04:00,12.0,12.0599,11.96,12.0,50478
2016-11-01 16:00:00-04:00,12.02,12.078,11.9,12.0,37383
2016-11-02 16:00:00-04:00,12.07,12.1799,11.9999,12.1392,28404
2016-11-03 16:00:00-04:00,12.1,12.16,12.02,12.1208,27645
2016-11-04 16:00:00-04:00,12.18,12.18,12.08,12.1499,26317
2016-11-07 16:00:00-05:00,12.13,12.18,12.12,12.17,29308
2016-11-08 16:00:00-05:00,12.16,12.28,12.16,12.27,35694
2016-11-09 16:00:00-05:00,12.13,12.13,12.03,12.05,97620
2016-11-10 16:00:00-05:00,11.99,12.01,11.73,11.8067,148647
2016-11-11 16:00:00-05:00,11.57,11.95,11.55,11.68,155626
2016-11-14 16:00:00-05:00,11.62,11.62,10.67,11.01,360177
2016-11-15 16:00:00-05:00,10.93,11.26,10.93,11.26,122564
2016-11-16 16:00:00-05:00,11.41,11.43,11.19,11.25,72559
2016-11-17 16:00:00-05:00,11.3,11.3,11.0701,11.19,85047
2016-11-18 16:00:00-05:00,11.25,11.25,11.13,11.22,79213
2016-11-21 16:00:00-05:00,11.25,11.36,11.25,11.34,39429
2016-11-22 16:00:00-05:00,11.34,11.41,11.31,11.39,64533
2016-11-23 16:00:00-05:00,11.3,11.3,11.19,11.2,40134
2016-11-25 13:00:00-05:00,11.14,11.14,11.0,11.07,30692
2016-11-28 16:00:00-05:00,11.13,11.24,11.1,11.1763,36519
2016-11-29 16:00:00-05:00,11.07,11.17,11.02,11.05,130589
2016-11-30 16:00:00-05:00,11.0,11.14,11.0,11.01,114044
2016-12-01 16:00:00-05:00,11.0,11.0335,10.85,10.92,122677
2016-12-02 16:00:00-05:00,10.83,10.97,10.83,10.93,67878
2016-12-05 16:00:00-05:00,10.99,10.99,10.91,10.95,132160
2016-12-06 16:00:00-05:00,10.93,11.08,10.93,11.08,94355
2016-12-07 16:00:00-05:00,11.06,11.29,11.06,11.26,111957
2016-12-08 16:00:00-05:00,11.11,11.15,10.95,10.97,106945
2016-12-09 16:00:00-05:00,11.02,11.02,10.88,10.89,81168
2016-12-12 16:00:00-05:00,10.86,10.96,10.78,10.83,105494
2016-12-13 16:00:00-05:00,10.84,10.92,10.84,10.92,70022
2016-12-14 16:00:00-05:00,10.92,11.03,10.89,11.01,105818
2016-12-15 16:00:00-05:00,10.92,11.08,10.85,10.93,47893
2016-12-16 16:00:00-05:00,10.86,10.97,10.84,10.93,74041
2016-12-19 16:00:00-05:00,10.92,11.05,10.92,10.96,123362
2016-12-20 16:00:00-05:00,10.92,11.01,10.8904,11.01,112943
2016-12-21 16:00:00-05:00,10.98,11.09,10.98,11.09,41542
2016-12-22 16:00:00-05:00,11.01,11.25,11.01,11.16,119042
2016-12-23 16:00:00-05:00,11.12,11.23,11.12,11.19,29145
2016-12-27 16:00:00-05:00,11.19,11.23,11.19,11.23,95583
2016-12-28 16:00:00-05:00,11.16,11.27,11.12,11.21,91994
2016-12-29 16:00:00-05:00,11.19,11.36,11.19,11.34,61921
2016-12-30 16:00:00-05:00,11.27,11.37,11.27,11.34,70024
2017-01-03 16:00:00-05:00,11.37,11.55,11.28,11.39,93070
2017-01-04 16:00:00-05:00,11.47,11.48,11.39,11.44,75984
2017-01-05 16:00:00-05:00,11.46,11.56,11.45,11.51,63012
2017-01-06 16:00:00-05:00,11.53,11.7,11.44,11.51,40876
2017-01-09 16:00:00-05:00,11.53,11.66,11.53,11.56,51947
2017-01-10 16:00:00-05:00,11.58,11.95,11.58,11.74,49928
2017-01-11 16:00:00-05:00,11.6,11.69,11.5,11.55,90441
2017-01-12 16:00:00-05:00,11.62,11.62,11.57,11.57,24823
2017-01-13 16:00:00-05:00,11.61,11.8912,11.55,11.68,63637
2017-01-17 16:00:00-05:00,11.67,11.72,11.62,11.63,62538
2017-01-18 16:00:00-05:00,11.67,11.67,11.57,11.5765,67934
2017-01-19 16:00:00-05:00,11.59,11.59,11.49,11.52,55378
2017-01-20 16:00:00-05:00,11.49,11.55,11.45,11.53,84602
2017-01-23 16:00:00-05:00,11.59,11.71,11.54,11.71,39330
2017-01-24 16:00:00-05:00,11.77,11.77,11.6414,11.69,53466
2017-01-25 16:00:00-05:00,11.65,11.65,11.61,11.61,36632
2017-01-26 16:00:00-05:00,11.67,11.68,11.61,11.66,9439
2017-01-27 16:00:00-05:00,11.66,11.7,11.65,11.68,32216
2017-01-30 16:00:00-05:00,11.68,11.75,11.68,11.75,13988
2017-01-31 16:00:00-05:00,11.73,11.81,11.73,11.8,12069
2017-02-01 16:00:00-05:00,11.88,11.99,11.77,11.87,55015
2017-02-02 16:00:00-05:00,11.79,11.8572,11.751,11.79,76098
2017-02-03 16:00:00-05:00,11.84,12.12,11.84,12.12,52778
2017-02-06 16:00:00-05:00,12.12,12.12,11.97,12.09,65084
2017-02-07 16:00:00-05:00,12.08,12.1199,12.05,12.07,18270
2017-02-08 16:00:00-05:00,12.09,12.19,11.95,12.01,56453
2017-02-09 16:00:00-05:00,11.87,11.9267,11.87,11.89,20979
2017-02-10 16:00:00-05:00,11.97,11.97,11.88,11.92,30995
2017-02-13 16:00:00-05:00,11.94,11.9414,11.91,11.91,25819
2017-02-14 16:00:00-05:00,11.99,11.99,11.81,11.87,75160
2017-02-15 16:00:00-05:00,11.82,11.82,11.75,11.76,21127
2017-02-16 16:00:00-05:00,11.72,11.78,11.72,11.78,16095
2017-02-17 16:00:00-05:00,11.79,11.9,11.77,11.8,35705
2017-02-21 16:00:00-05:00,11.77,11.95,11.77,11.87,57523
2017-02-22 16:00:00-05:00,11.94,11.94,11.75,11.77,45601
2017-02-23 16:00:00-05:00,11.79,11.8,11.7201,11.75,95489
2017-02-24 16:00:00-05:00,11.82,11.82,11.72,11.77,74038
2017-02-27 16:00:00-05:00,11.72,11.7842,11.7,11.74,47616
2017-02-28 16:00:00-05:00,11.8,11.8,11.7,11.759,24929
2017-03-01 16:00:00-05:00,11.7,11.72,11.62,11.69,75627
2017-03-02 16:00:00-05:00,11.7,11.79,11.67,11.77,45615
2017-03-03 16:00:00-05:00,11.78,11.9456,11.75,11.94,52373
2017-03-06 16:00:00-05:00,11.89,11.94,11.81,11.86,23930
2017-03-07 16:00:00-05:00,11.9,11.9,11.79,11.85,31274
2017-03-08 16:00:00-05:00,11.77,11.8396,11.75,11.79,58154
2017-03-09 16:00:00-05:00,11.69,11.7,11.54,11.55,86196
2017-03-10 16:00:00-05:00,11.55,11.66,11.55,11.63,26596
2017-03-13 16:00:00-04:00,11.61,11.73,11.55,11.59,62645
2017-03-14 16:00:00-04:00,11.57,11.63,11.54,11.58,46307
2017-03-15 16:00:00-04:00,11.6,11.68,11.5814,11.66,58209
2017-03-16 16:00:00-04:00,11.64,11.69,11.6,11.61,21752
2017-03-17 16:00:00-04:00,11.63,11.78,11.63,11.7,10723
2017-03-20 16:00:00-04:00,11.65,11.74,11.65,11.69,32943
2017-03-21 16:00:00-04:00,11.68,11.73,11.66,11.67,33865
2017-03-22 16:00:00-04:00,11.72,11.739,11.651,11.72,31502
2017-03-23 16:00:00-04:00,11.74,11.772,11.66,11.67,43422
2017-03-24 16:00:00-04:00,11.65,11.7,11.64,11.68,24065
2017-03-27 16:00:00-04:00,11.76,11.77,11.68,11.74,50566
2017-03-28 16:00:00-04:00,11.74,11.82,11.68,11.68,40476
2017-03-29 16:00:00-04:00,11.68,11.7479,11.68,11.7,28688
2017-03-30 16:00:00-04:00,11.8,11.9122,11.75,11.77,41111
2017-03-31 16:00:00-04:00,11.78,11.815,11.75,11.78,19021
2017-04-03 16:00:00-04:00,11.81,11.89,11.78,11.79,29175
2017-04-04 16:00:00-04:00,11.81,11.9,11.81,11.88,42635
2017-04-05 16:00:00-04:00,11.89,12.0,11.8601,11.98,61245
2017-04-06 16:00:00-04:00,11.93,11.96,11.91,11.9392,36693
2017-04-07 16:00:00-04:00,12.04,12.1,12.0,12.02,48986
2017-04-10 16:00:00-04:00,12.13,12.26,12.09,12.09,23259
2017-04-11 16:00:00-04:00,12.03,12.45,12.03,12.39,45840
2017-04-12 16:00:00-04:00,12.36,12.39,12.18,12.18,19698
2017-04-13 16:00:00-04:00,12.22,12.27,12.21,12.27,13543
2017-04-17 16:00:00-04:00,12.23,12.23,12.1499,12.16,28689
2017-04-18 16:00:00-04:00,12.14,12.15,12.0,12.0,79768
2017-04-19 16:00:00-04:00,12.01,12.15,12.01,12.07,30585
2017-04-20 16:00:00-04:00,12.06,12.13,12.06,12.12,18121
2017-04-21 16:00:00-04:00,12.19,12.2,12.15,12.17,35120
2017-04-24 16:00:00-04:00,12.13,12.16,12.07,12.08,23927
2017-04-25 16:00:00-04:00,12.08,12.11,12.04,12.07,59293
2017-04-26 16:00:00-04:00,12.05,12.14,12.04,12.14,16623
2017-04-27 16:00:00-04:00,12.18,12.19,12.07,12.07,28153
2017-04-28 16:00:00-04:00,12.06,12.2,12.06,12.12,22488
2017-05-01 16:00:00-04:00,12.21,12.22,12.05,12.09,50802
2017-05-02 16:00:00-04:00,12.08,12.415,12.08,12.33,29966
2017-05-03 16:00:00-04:00,12.31,12.629,12.3,12.6,64903
2017-05-04 16:00:00-04:00,12.53,12.6,12.4,12.56,32527
2017-05-05 16:00:00-04:00,12.53,12.7,12.53,12.7,47768
2017-05-08 16:00:00-04:00,12.62,12.69,12.34,12.62,70386
2017-05-09 16:00:00-04:00,12.56,12.7,12.28,12.37,86677
2017-05-10 16:00:00-04:00,12.44,12.44,12.22,12.289,25089
2017-05-11 16:00:00-04:00,12.22,12.26,12.18,12.2,53920
2017-05-12 16:00:00-04:00,12.24,12.32,12.19,12.26,47922
2017-05-15 16:00:00-04:00,12.22,12.32,12.22,12.29,32196
2017-05-16 16:00:00-04:00,12.32,12.32,12.21,12.23,25191
2017-05-17 16:00:00-04:00,12.2665,12.39,12.23,12.31,69743
2017-05-18 16:00:00-04:00,12.41,12.45,12.35,12.39,32660
2017-05-19 16:00:00-04:00,12.4,12.4499,12.35,12.39,17194
2017-05-22 16:00:00-04:00,12.36,12.4414,12.36,12.379,5324
2017-05-23 16:00:00-04:00,12.44,12.56,12.43,12.43,12391
2017-05-24 16:00:00-04:00,12.48,12.66,12.48,12.56,44306
2017-05-25 16:00:00-04:00,12.53,12.64,12.37,12.56,51595
2017-05-26 16:00:00-04:00,12.5,12.64,12.48,12.54,19227
2017-05-30 16:00:00-04:00,12.62,12.6599,12.5106,12.5201,34123
2017-05-31 16:00:00-04:00,12.67,12.69,12.51,12.53,39398
2017-06-01 16:00:00-04:00,12.53,12.65,12.43,12.44,118888
2017-06-02 16:00:00-04:00,12.52,12.6471,12.48,12.49,71331
2017-06-05 16:00:00-04:00,12.51,12.7,12.51,12.63,47829
2017-06-06 16:00:00-04:00,12.66,12.7,12.6,12.68,49144
2017-06-07 16:00:00-04:00,12.66,12.75,12.61,12.75,56155
2017-06-08 16:00:00-04:00,12.63,12.66,12.59,12.66,55222
2017-06-09 16:00:00-04:00,12.6,12.69,12.6,12.64,27265
2017-06-12 16:00:00-04:00,12.6,12.766,12.55,12.57,63247
2017-06-13 16:00:00-04:00,12.54,12.78,12.53,12.58,52347
2017-06-14 16:00:00-04:00,12.59,12.78,12.5,12.55,79044
2017-06-15 16:00:00-04:00,12.56,12.68,12.54,12.67,35489
2017-06-16 16:00:00-04:00,12.61,12.9708,12.61,12.78,51837
2017-06-19 16:00:00-04:00,12.73,12.77,12.6,12.63,41239
2017-06-20 16:00:00-04:00,12.64,12.76,12.64,12.71,28728
2017-06-21 16:00:00-04:00,12.66,12.7601,12.6,12.61,62859
2017-06-22 16:00:00-04:00,12.63,12.6972,12.6,12.63,27468
2017-06-23 16:00:00-04:00,12.63,12.739,12.63,12.69,10002
2017-06-26 16:00:00-04:00,12.75,12.8,12.74,12.7501,11892
2017-06-27 16:00:00-04:00,12.79,12.8,12.64,12.68,52893
2017-06-28 16:00:00-04:00,12.65,12.79,12.65,12.7,10616
2017-06-29 16:00:00-04:00,12.67,12.67,12.6,12.6,37480
2017-06-30 16:00:00-04:00,12.6,12.63,12.56,12.63,30274
2017-07-03 13:00:00-04:00,12.58,12.7699,12.58,12.65,36450
2017-07-05 16:00:00-04:00,11.57,11.84,11.0666,11.51,559167
2017-07-06 16:00:00-04:00,11.27,11.4399,10.85,10.94,550130
2017-07-07 16:00:00-04:00,10.79,11.08,10.79,10.975,200763
2017-07-10 16:00:00-04:00,10.9,11.12,10.85,11.01,143986
2017-07-11 16:00:00-04:00,11.1,11.1,10.9,10.92,128588
2017-07-12 16:00:00-04:00,10.92,11.09,10.88,10.92,84015
2017-07-13 16:00:00-04:00,10.91,10.98,10.85,10.86,102452
2017-07-14 16:00:00-04:00,10.9,11.15,10.8993,11.15,255673
2017-07-17 16:00:00-04:00,11.1,11.14,10.97,10.98,24264
2017-07-18 16:00:00-04:00,11.05,11.05,10.82,10.89,124202
2017-07-19 16:00:00-04:00,10.87,10.919,10.85,10.85,70534
2017-07-20 16:00:00-04:00,10.83,10.89,10.825,10.87,40978
2017-07-21 16:00:00-04:00,10.85,10.96,10.85,10.93,44352
2017-07-24 16:00:00-04:00,10.9,10.9192,10.8,10.84,62388
2017-07-25 16:00:00-04:00,10.8,10.84,10.76,10.8,84026
2017-07-26 16:00:00-04:00,10.78,10.92,10.78,10.85,70757
2017-07-27 16:00:00-04:00,10.83,10.91,10.8,10.8,52545
2017-07-28 16:00:00-04:00,10.78,10.84,10.78,10.79,90657
2017-07-31 16:00:00-04:00,0.0,10.85,10.77,10.85,75539
2017-08-01 16:00:00-04:00,10.85,10.92,10.842,10.87,64138
2017-08-02 16:00:00-04:00,10.89,10.95,10.87,10.93,72115
2017-08-03 16:00:00-04:00,10.9,10.99,10.89,10.96,90428
2017-08-04 16:00:00-04:00,10.99,10.99,10.89,10.93,94225
2017-08-07 16:00:00-04:00,10.94,11.0,10.94,10.94,86456
2017-08-08 16:00:00-04:00,10.94,11.0,10.9375,10.98,70387
2017-08-09 16:00:00-04:00,10.93,10.96,10.9045,10.92,27079
2017-08-10 16:00:00-04:00,10.89,10.95,10.77,10.8,82251
2017-08-11 16:00:00-04:00,10.65,10.89,10.65,10.87,58282
2017-08-14 16:00:00-04:00,10.9,10.9099,10.8,10.81,52170
2017-08-15 16:00:00-04:00,10.86,10.86,10.71,10.79,51881
2017-08-16 16:00:00-04:00,10.78,10.81,10.75,10.77,49718
2017-08-17 16:00:00-04:00,10.79,10.86,10.76,10.83,48985
2017-08-18 16:00:00-04:00,10.85,10.86,10.83,10.86,31579
2017-08-21 16:00:00-04:00,10.88,10.92,10.87,10.9,48326
2017-08-22 16:00:00-04:00,10.85,10.95,10.85,10.95,32686
2017-08-23 16:00:00-04:00,10.91,10.99,10.91,10.9733,38511
2017-08-24 16:00:00-04:00,10.93,11.03,10.93,10.95,49754
2017-08-25 16:00:00-04:00,11.05,11.05,10.94,10.98,63430
2017-08-28 16:00:00-04:00,11.01,11.02,10.94,11.02,32900
2017-08-29 16:00:00-04:00,10.96,11.07,10.96,11.03,52265
2017-08-30 16:00:00-04:00,11.05,11.05,10.99,11.0,24570
2017-08-31 16:00:00-04:00,11.0,11.12,11.0,11.02,38087
2017-09-01 16:00:00-04:00,11.05,11.09,11.031,11.031,28629
2017-09-05 16:00:00-04:00,11.02,11.06,11.001,11.01,49176
2017-09-06 16:00:00-04:00,11.06,11.08,11.023,11.0483,32863
2017-09-07 16:00:00-04:00,11.09,11.11,11.0038,11.03,49692
2017-09-08 16:00:00-04:00,11.05,11.0577,11.0,11.02,15696
2017-09-11 16:00:00-04:00,11.09,11.09,11.0,11.0,37696
2017-09-12 16:00:00-04:00,11.05,11.05,10.97,10.97,50011
2017-09-13 16:00:00-04:00,11.03,11.03,10.97,11.02,36028
2017-09-14 16:00:00-04:00,10.97,11.0,10.97,10.999,23010
2017-09-15 16:00:00-04:00,11.01,11.03,10.98,11.03,48137
2017-09-18 16:00:00-04:00,11.05,11.06,11.03,11.05,53772
2017-09-19 16:00:00-04:00,11.01,11.06,11.01,11.02,42435
2017-09-20 16:00:00-04:00,11.0,11.05,10.98,10.98,25755
2017-09-21 16:00:00-04:00,10.98,11.04,10.95,10.96,24076
2017-09-22 16:00:00-04:00,11.0,11.03,10.97,10.97,40255
2017-09-25 16:00:00-04:00,10.96,10.99,10.96,10.979,23114
2017-09-26 16:00:00-04:00,10.99,11.06,10.96,11.04,74171
2017-09-27 16:00:00-04:00,11.04,11.04,10.9,10.93,47581
2017-09-28 16:00:00-04:00,10.97,10.97,10.88,10.92,22848
2017-09-29 16:00:00-04:00,10.9,10.9321,10.87,10.89,30922
2017-10-02 16:00:00-04:00,10.95,10.963,10.8901,10.92,10572
2017-10-03 16:00:00-04:00,10.95,10.95,10.8702,10.88,57090
2017-10-04 16:00:00-04:00,10.95,10.95,10.89,10.895,28657
2017-10-05 16:00:00-04:00,10.86,10.9134,10.85,10.87,64415
2017-10-06 16:00:00-04:00,10.9,10.9,10.81,10.8399,49691
2017-10-09 16:00:00-04:00,10.88,10.88,10.83,10.88,22392
2017-10-10 16:00:00-04:00,10.88,10.92,10.85,10.87,39714
2017-10-11 16:00:00-04:00,10.94,10.94,10.93,10.93,2275
2017-10-12 16:00:00-04:00,10.94,10.94,10.82,10.88,76760
2017-10-13 16:00:00-04:00,10.87,10.89,10.83,10.869,38334
2017-10-16 16:00:00-04:00,10.85,10.919,10.8359,10.85,30426
2017-10-17 16:00:00-04:00,10.85,10.93,10.85,10.864,57019
2017-10-18 16:00:00-04:00,10.92,10.92,10.85,10.8816,9618
2017-10-19 16:00:00-04:00,10.94,10.95,10.89,10.89,18949
2017-10-20 16:00:00-04:00,10.87,10.87,10.79,10.83,56565
2017-10-23 16:00:00-04:00,10.75,10.81,10.74,10.75,78124
2017-10-24 16:00:00-04:00,10.79,10.81,10.77,10.771,15842
2017-10-25 16:00:00-04:00,10.82,10.82,10.7,10.73,55786
2017-10-26 16:00:00-04:00,10.69,10.7344,10.56,10.57,53599
2017-10-27 16:00:00-04:00,10.56,10.57,10.51,10.51,79728
2017-10-30 16:00:00-04:00,10.56,10.58,10.52,10.56,73728
2017-10-31 16:00:00-04:00,10.56,10.56,10.41,10.47,76912
2017-11-01 16:00:00-04:00,10.48,10.5,10.43,10.44,54000
2017-11-02 16:00:00-04:00,10.49,10.53,10.45,10.46,42111
2017-11-03 16:00:00-04:00,10.5,10.5,10.38,10.38,112118
2017-11-06 16:00:00-05:00,10.39,10.45,10.31,10.34,107318
2017-11-07 16:00:00-05:00,10.32,10.42,10.32,10.41,60674
2017-11-08 16:00:00-05:00,10.45,10.45,10.36,10.36,71543
2017-11-09 16:00:00-05:00,10.33,10.3699,10.3,10.36,59475
2017-11-10 16:00:00-05:00,10.3,10.3299,10.2,10.27,134295
2017-11-13 16:00:00-05:00,10.34,10.37,10.25,10.32,104069
2017-11-14 16:00:00-05:00,10.27,10.3,10.195,10.22,112172
2017-11-15 16:00:00-05:00,10.23,10.39,10.23,10.31,88756
2017-11-16 16:00:00-05:00,10.31,10.3714,10.3,10.3714,44925
2017-11-17 16:00:00-05:00,10.34,10.4,10.3,10.33,68888
2017-11-20 16:00:00-05:00,10.4,10.4,10.2,10.2,186279
2017-11-21 16:00:00-05:00,10.26,10.29,10.23,10.28,58919
2017-11-22 16:00:00-05:00,10.27,10.31,10.2401,10.26,60697
2017-11-24 13:00:00-05:00,10.3,10.33,10.2532,10.2914,11430
2017-11-27 16:00:00-05:00,10.29,10.313,10.23,10.26,77559
2017-11-28 16:00:00-05:00,10.35,10.35,10.26,10.32,118642
2017-11-29 16:00:00-05:00,10.31,10.31,10.22,10.22,64809
2017-11-30 16:00:00-05:00,10.27,10.27,10.14,10.17,95523
2017-12-01 16:00:00-05:00,10.23,10.26,10.17,10.26,61607
2017-12-04 16:00:00-05:00,10.25,10.2767,10.2101,10.2767,66836
2017-12-05 16:00:00-05:00,10.27,10.36,10.25,10.35,64617
2017-12-06 16:00:00-05:00,10.38,10.44,10.36,10.4,70182
2017-12-07 16:00:00-05:00,10.45,10.5,10.37,10.5,124184
2017-12-08 16:00:00-05:00,10.49,10.49,10.37,10.38,42115
