Date,Open,High,Low,Close,Volume
2012-06-11 16:00:00-04:00,2.74,2.79,2.67,2.7899,34900
2012-06-15 16:00:00-04:00,2.44,2.48,2.39,2.48,6800
2012-06-26 16:00:00-04:00,2.04,2.04,1.99,2.04,4494
2012-06-27 16:00:00-04:00,2.0,2.02,1.98,2.0199,6090
2012-07-05 16:00:00-04:00,1.87,1.88,1.78,1.86,28600
2012-07-06 16:00:00-04:00,1.86,1.89,1.82,1.87,10787
2012-07-18 16:00:00-04:00,1.93,1.98,1.91,1.95,10200
2012-07-31 16:00:00-04:00,1.79,1.79,1.76,1.7699,7000
2012-08-01 16:00:00-04:00,1.74,1.74,1.67,1.68,9991
2012-08-02 16:00:00-04:00,1.62,1.67,1.61,1.67,10000
2012-08-03 16:00:00-04:00,1.67,1.85,1.67,1.85,9700
2012-08-06 16:00:00-04:00,1.87,1.9,1.85,1.85,5000
2012-08-07 16:00:00-04:00,1.82,1.91,1.82,1.89,2598
2012-08-08 16:00:00-04:00,1.9,1.94,1.87,1.87,4835
2012-08-09 16:00:00-04:00,1.85,1.9,1.82,1.88,3000
2012-08-10 16:00:00-04:00,1.87,1.87,1.85,1.86,2300
2012-08-13 16:00:00-04:00,1.82,1.82,1.79,1.79,7743
2012-08-14 16:00:00-04:00,1.51,1.56,1.23,1.31,172717
2012-08-15 16:00:00-04:00,1.31,1.37,1.17,1.22,31600
2012-08-16 16:00:00-04:00,1.23,1.54,1.23,1.42,172441
2012-08-17 16:00:00-04:00,1.49,1.53,1.42,1.46,34051
2012-08-20 16:00:00-04:00,1.45,1.46,1.38,1.38,53300
2012-08-21 16:00:00-04:00,1.42,1.42,1.31,1.35,59607
2012-08-22 16:00:00-04:00,1.35,1.41,1.33,1.38,16600
2012-08-23 16:00:00-04:00,1.43,1.49,1.38,1.45,43800
2012-08-24 16:00:00-04:00,1.47,1.63,1.47,1.6,43972
2012-08-27 16:00:00-04:00,1.61,1.68,1.53,1.57,34399
2012-08-28 16:00:00-04:00,1.52,1.57,1.52,1.54,20918
2012-08-29 16:00:00-04:00,1.52,1.54,1.47,1.48,35530
2012-08-30 16:00:00-04:00,1.71,1.72,1.62,1.7,89096
2012-08-31 16:00:00-04:00,1.69,1.77,1.66,1.75,27250
2012-09-04 16:00:00-04:00,1.74,1.74,1.7,1.71,9050
2012-09-05 16:00:00-04:00,1.74,1.85,1.74,1.82,12810
2012-09-06 16:00:00-04:00,1.83,1.84,1.77,1.79,8300
2012-09-07 16:00:00-04:00,1.76,1.78,1.71,1.71,8350
2012-09-10 16:00:00-04:00,1.75,1.77,1.71,1.74,6075
2012-09-11 16:00:00-04:00,1.78,1.85,1.78,1.81,16600
2012-09-12 16:00:00-04:00,1.81,1.81,1.75,1.8,7900
2012-09-13 16:00:00-04:00,1.79,1.86,1.78,1.85,15602
2012-09-14 16:00:00-04:00,1.9,2.04,1.88,2.04,10700
2012-09-17 16:00:00-04:00,2.1,2.29,2.1,2.15,11975
2012-09-18 16:00:00-04:00,2.4,2.44,2.2,2.24,45715
2012-09-19 16:00:00-04:00,2.23,2.23,2.0932,2.0932,9202
2012-09-20 16:00:00-04:00,2.07,2.1,2.07,2.1,3700
2012-09-21 16:00:00-04:00,2.1,2.12,2.02,2.05,6200
2012-09-24 16:00:00-04:00,2.02,2.03,1.96,2.03,6600
2012-09-25 16:00:00-04:00,2.03,2.05,1.95,1.95,7100
2012-09-26 16:00:00-04:00,1.91,2.02,1.88,2.01,14900
2012-09-27 16:00:00-04:00,2.01,2.02,1.95,1.95,4701
2012-09-28 16:00:00-04:00,1.95,1.98,1.9,1.93,3500
2012-10-01 16:00:00-04:00,1.96,1.97,1.89,1.89,4000
2012-10-02 16:00:00-04:00,1.87,1.92,1.85,1.91,35100
2012-10-03 16:00:00-04:00,1.96,1.96,1.86,1.86,7800
2012-10-04 16:00:00-04:00,1.85,1.91,1.85,1.89,2800
2012-10-05 16:00:00-04:00,1.91,1.91,1.87,1.9,3900
2012-10-08 16:00:00-04:00,1.86,1.86,1.82,1.83,500
2012-10-09 16:00:00-04:00,1.82,1.82,1.77,1.77,9750
2012-10-10 16:00:00-04:00,1.75,1.8,1.75,1.78,6400
2012-10-11 16:00:00-04:00,0.0,0.0,0.0,1.76,0
2012-10-12 16:00:00-04:00,1.73,1.73,1.66,1.71,6500
2012-10-15 16:00:00-04:00,1.65,1.69,1.64,1.66,7600
2012-10-16 16:00:00-04:00,1.73,1.74,1.68,1.68,2631
2012-10-17 16:00:00-04:00,1.7,1.75,1.7,1.7,6600
2012-10-18 16:00:00-04:00,1.69,1.72,1.69,1.71,14550
2012-10-19 16:00:00-04:00,1.68,1.68,1.63,1.65,6000
2012-10-22 16:00:00-04:00,1.66,1.68,1.64,1.64,5500
2012-10-23 16:00:00-04:00,1.63,1.71,1.61,1.61,6386
2012-10-24 16:00:00-04:00,1.61,1.64,1.58,1.61,3000
2012-10-25 16:00:00-04:00,1.62,1.62,1.61,1.61,13600
2012-10-26 16:00:00-04:00,1.58,1.58,1.57,1.57,300
2012-10-31 16:00:00-04:00,1.58,1.69,1.55,1.68,7900
2012-11-01 16:00:00-04:00,1.75,1.81,1.68,1.77,21200
2012-11-02 16:00:00-04:00,1.72,1.72,1.66,1.68,5800
2012-11-05 16:00:00-05:00,1.69,1.7,1.66,1.69,3200
2012-11-06 16:00:00-05:00,1.71,1.72,1.69,1.7,2200
2012-11-07 16:00:00-05:00,1.65,1.68,1.62,1.66,2200
2012-11-08 16:00:00-05:00,1.66,1.66,1.64,1.6499,11100
2012-11-09 16:00:00-05:00,1.63,1.64,1.62,1.62,2500
2012-11-12 16:00:00-05:00,1.67,1.68,1.64,1.66,8395
2012-11-13 16:00:00-05:00,1.67,1.68,1.61,1.61,1350
2012-11-14 16:00:00-05:00,1.69,1.7,1.61,1.64,5000
2012-11-15 16:00:00-05:00,1.58,1.59,1.51,1.53,7400
2012-11-16 16:00:00-05:00,1.51,1.55,1.51,1.55,2500
2012-11-19 16:00:00-05:00,1.56,1.64,1.54,1.55,4850
2012-11-20 16:00:00-05:00,1.56,1.58,1.53,1.54,6100
2012-11-21 16:00:00-05:00,1.5102,1.5201,1.45,1.48,175629
2012-11-23 16:00:00-05:00,1.48,1.49,1.37,1.43,134986
2012-11-26 16:00:00-05:00,1.45,1.45,1.38,1.38,237858
2012-11-27 16:00:00-05:00,1.35,1.3536,1.31,1.33,304543
2012-11-28 16:00:00-05:00,1.32,1.33,1.25,1.29,246994
2012-11-29 16:00:00-05:00,1.31,1.32,1.25,1.28,114833
2012-11-30 16:00:00-05:00,1.26,1.32,1.21,1.26,83985
2012-12-03 16:00:00-05:00,1.25,1.32,1.22,1.23,110772
2012-12-04 16:00:00-05:00,1.26,1.33,1.22,1.33,135875
2012-12-05 16:00:00-05:00,1.35,1.41,1.35,1.38,169212
2012-12-06 16:00:00-05:00,1.4,1.4,1.35,1.38,242307
2012-12-07 16:00:00-05:00,1.4,1.4,1.35,1.38,128515
2012-12-10 16:00:00-05:00,1.4,1.4,1.32,1.33,172532
2012-12-11 16:00:00-05:00,1.33,1.3899,1.33,1.3601,55575
2012-12-12 16:00:00-05:00,1.38,1.39,1.3401,1.3599,59152
2012-12-13 16:00:00-05:00,1.34,1.37,1.32,1.36,63975
2012-12-14 16:00:00-05:00,1.37,1.42,1.35,1.39,36140
2012-12-17 16:00:00-05:00,1.38,1.42,1.35,1.39,60500
2012-12-18 16:00:00-05:00,1.38,1.39,1.35,1.35,114915
2012-12-19 16:00:00-05:00,1.35,1.39,1.32,1.34,232961
2012-12-20 16:00:00-05:00,1.33,1.37,1.31,1.37,54950
2012-12-21 16:00:00-05:00,1.37,1.4,1.311,1.37,120801
2012-12-24 16:00:00-05:00,1.35,1.35,1.32,1.34,11900
2012-12-26 16:00:00-05:00,1.3,1.4499,1.3,1.42,56743
2012-12-27 16:00:00-05:00,1.38,1.39,1.32,1.34,38890
2012-12-28 16:00:00-05:00,1.34,1.34,1.2899,1.3,86375
2012-12-31 16:00:00-05:00,1.28,1.36,1.27,1.32,91570
2013-01-02 16:00:00-05:00,1.36,1.3699,1.25,1.25,100214
2013-01-03 16:00:00-05:00,1.25,1.2901,1.25,1.26,152723
2013-01-04 16:00:00-05:00,1.25,1.261,1.25,1.25,216937
2013-01-07 16:00:00-05:00,1.25,1.2611,1.25,1.26,35821
2013-01-08 16:00:00-05:00,1.27,1.27,1.21,1.25,143651
2013-01-09 16:00:00-05:00,1.23,1.26,1.21,1.22,86425
2013-01-10 16:00:00-05:00,1.22,1.26,1.2,1.22,50085
2013-01-11 16:00:00-05:00,1.23,1.23,1.171,1.2,153102
2013-01-14 16:00:00-05:00,1.16,1.17,1.11,1.13,417783
2013-01-15 16:00:00-05:00,1.11,1.2,1.0624,1.18,146927
2013-01-16 16:00:00-05:00,1.16,1.17,1.1299,1.13,55452
2013-01-17 16:00:00-05:00,1.13,1.15,1.1,1.14,162365
2013-01-18 16:00:00-05:00,1.1499,1.19,1.1499,1.18,127908
2013-01-22 16:00:00-05:00,1.18,1.19,1.08,1.1,270925
2013-01-23 16:00:00-05:00,1.12,1.14,1.05,1.09,262050
2013-01-24 16:00:00-05:00,1.07,1.1,0.97,1.02,571861
2013-01-25 16:00:00-05:00,1.01,1.12,0.99,1.12,280733
2013-01-28 16:00:00-05:00,1.1,1.1,1.041,1.07,125724
2013-01-29 16:00:00-05:00,1.05,1.0899,1.02,1.08,154726
2013-01-30 16:00:00-05:00,1.1,1.1,1.01,1.03,140620
2013-01-31 16:00:00-05:00,1.01,1.03,1.0,1.03,105779
2013-02-01 16:00:00-05:00,1.02,1.02,0.9841,1.02,244497
2013-02-04 16:00:00-05:00,1.0,1.0201,0.95,0.9502,268486
2013-02-05 16:00:00-05:00,0.95,1.0,0.95,0.99,138832
2013-02-06 16:00:00-05:00,1.04,1.14,1.02,1.09,329358
2013-02-07 16:00:00-05:00,1.14,1.14,1.06,1.11,421465
2013-02-08 16:00:00-05:00,1.12,1.16,1.1,1.13,287828
2013-02-11 16:00:00-05:00,1.14,1.18,1.1,1.15,151535
2013-02-12 16:00:00-05:00,1.17,1.2,1.08,1.09,141259
2013-02-13 16:00:00-05:00,1.1,1.14,1.08,1.14,162657
2013-02-14 16:00:00-05:00,1.11,1.13,1.06,1.06,172858
2013-02-15 16:00:00-05:00,1.06,1.1,0.97,1.03,279543
2013-02-19 16:00:00-05:00,1.02,1.05,1.0,1.04,267916
2013-02-20 16:00:00-05:00,0.98,1.0,0.95,0.965,256108
2013-02-21 16:00:00-05:00,0.95,1.0,0.95,0.9639,212849
2013-02-22 16:00:00-05:00,0.98,0.98,0.9516,0.9582,90310
2013-02-25 16:00:00-05:00,0.98,1.0,0.9538,0.96,263249
2013-02-26 16:00:00-05:00,0.9525,1.0,0.9506,0.96,144202
2013-02-27 16:00:00-05:00,0.9798,0.9998,0.94,0.94,220301
2013-02-28 16:00:00-05:00,0.94,0.99,0.94,0.99,80470
2013-03-01 16:00:00-05:00,1.0,1.0,0.963,1.0,75441
2013-03-04 16:00:00-05:00,1.0,1.0,0.95,0.96,153535
2013-03-05 16:00:00-05:00,0.99,0.9989,0.97,0.98,74013
2013-03-06 16:00:00-05:00,0.98,1.0,0.97,0.9999,94699
2013-03-07 16:00:00-05:00,1.0,1.05,0.98,1.03,181599
2013-03-08 16:00:00-05:00,1.05,1.1,1.01,1.04,82732
2013-03-11 16:00:00-04:00,1.05,1.09,1.01,1.07,64426
2013-03-12 16:00:00-04:00,1.07,1.1,1.05,1.085,109432
2013-03-13 16:00:00-04:00,1.09,1.1,1.06,1.07,58819
2013-03-14 16:00:00-04:00,1.07,1.08,1.03,1.04,83844
2013-03-15 16:00:00-04:00,1.02,1.09,1.0,1.04,120482
2013-03-18 16:00:00-04:00,1.01,1.09,1.01,1.04,53900
2013-03-19 16:00:00-04:00,1.021,1.06,1.01,1.05,75850
2013-03-20 16:00:00-04:00,1.03,1.08,1.01,1.06,92945
2013-03-21 16:00:00-04:00,1.07,1.07,1.04,1.0401,25492
2013-03-22 16:00:00-04:00,1.04,1.06,1.02,1.02,69918
2013-03-25 16:00:00-04:00,1.07,1.12,1.06,1.12,229680
2013-03-26 16:00:00-04:00,1.13,1.15,1.05,1.08,190554
2013-03-27 16:00:00-04:00,1.07,1.12,1.06,1.12,51415
2013-03-28 16:00:00-04:00,1.1,1.1399,1.0801,1.1,41803
2013-04-01 16:00:00-04:00,1.12,1.1399,1.05,1.08,48300
2013-04-02 16:00:00-04:00,1.07,1.07,0.99,0.99,224725
2013-04-03 16:00:00-04:00,0.993,1.05,0.98,1.0,244271
2013-04-04 16:00:00-04:00,0.99,1.049,0.97,1.02,96969
2013-04-05 16:00:00-04:00,1.02,1.03,0.9751,1.0285,48352
2013-04-08 16:00:00-04:00,1.01,1.03,0.96,0.96,106441
2013-04-09 16:00:00-04:00,0.96,1.0385,0.96,1.01,110300
2013-04-10 16:00:00-04:00,1.0,1.04,0.965,1.0,110233
2013-04-11 16:00:00-04:00,0.98,1.03,0.973,1.03,23118
2013-04-12 16:00:00-04:00,0.99,1.01,0.96,0.97,131213
2013-04-15 16:00:00-04:00,0.94,0.96,0.8421,0.91,339754
2013-04-16 16:00:00-04:00,0.8993,0.91,0.842,0.842,286557
2013-04-17 16:00:00-04:00,0.83,0.84,0.65,0.665,771543
2013-04-18 16:00:00-04:00,0.66,0.7,0.57,0.66,854533
2013-04-19 16:00:00-04:00,0.66,0.69,0.65,0.6636,114594
2013-04-22 16:00:00-04:00,0.65,0.71,0.65,0.6717,153478
2013-04-23 16:00:00-04:00,0.66,0.66,0.61,0.62,115240
2013-04-24 16:00:00-04:00,0.6,0.65,0.6,0.63,210235
2013-04-25 16:00:00-04:00,0.628,0.67,0.628,0.6399,143978
2013-04-26 16:00:00-04:00,0.64,0.64,0.59,0.6099,189555
2013-04-29 16:00:00-04:00,0.61,0.6599,0.59,0.6,134795
2013-04-30 16:00:00-04:00,0.61,0.61,0.56,0.5898,139509
2013-05-01 16:00:00-04:00,0.58,0.58,0.515,0.54,293138
2013-05-02 16:00:00-04:00,0.51,0.545,0.4999,0.5006,119465
2013-05-03 16:00:00-04:00,0.5,0.533,0.4902,0.52,90588
2013-05-06 16:00:00-04:00,0.535,0.535,0.48,0.4917,207240
2013-05-07 16:00:00-04:00,0.5,0.5,0.465,0.48,105861
2013-05-08 16:00:00-04:00,0.45,0.63,0.45,0.627,551083
2013-05-09 16:00:00-04:00,0.64,0.65,0.62,0.62,126153
2013-05-10 16:00:00-04:00,0.63,0.6399,0.6001,0.6298,241203
2013-05-13 16:00:00-04:00,0.64,0.6499,0.619,0.62,70165
2013-05-14 16:00:00-04:00,0.62,0.64,0.6101,0.6399,36418
2013-05-15 16:00:00-04:00,0.64,0.65,0.56,0.58,129752
2013-05-16 16:00:00-04:00,0.62,0.62,0.56,0.59,103650
2013-05-17 16:00:00-04:00,0.63,0.63,0.59,0.59,77001
2013-05-20 16:00:00-04:00,0.5901,0.629,0.5901,0.602,38835
2013-05-21 16:00:00-04:00,0.59,0.63,0.59,0.6201,116810
2013-05-22 16:00:00-04:00,0.6199,0.6899,0.6199,0.67715,402096
2013-05-23 16:00:00-04:00,0.69,0.7599,0.69,0.74,210196
2013-05-24 16:00:00-04:00,0.76,0.7799,0.72,0.76,147025
2013-05-28 16:00:00-04:00,0.72,0.7605,0.7,0.74,70310
2013-05-29 16:00:00-04:00,0.7699,0.7801,0.722,0.7779,61630
2013-05-30 16:00:00-04:00,0.788,0.85,0.78,0.8099,75143
2013-05-31 16:00:00-04:00,0.81,0.8689,0.7674,0.8389,105695
2013-06-03 16:00:00-04:00,0.86,0.89,0.86,0.8898,151168
2013-06-04 16:00:00-04:00,0.89,0.9,0.86,0.8767,105365
2013-06-05 16:00:00-04:00,0.86,0.8999,0.86,0.8602,88795
2013-06-06 16:00:00-04:00,0.87,0.8898,0.86,0.87,64602
2013-06-07 16:00:00-04:00,0.87,0.88,0.79,0.8493,125639
2013-06-10 16:00:00-04:00,0.85,0.85,0.75,0.792,85438
2013-06-11 16:00:00-04:00,0.76,0.8197,0.76,0.76,89667
2013-06-12 16:00:00-04:00,0.798,0.849,0.79,0.849,50890
2013-06-13 16:00:00-04:00,0.78,0.8563,0.78,0.81,60688
2013-06-14 16:00:00-04:00,0.83,0.83,0.76,0.77,48421
2013-06-17 16:00:00-04:00,0.77,0.77,0.7301,0.77,164758
2013-06-18 16:00:00-04:00,0.78,0.8149,0.7573,0.762,47348
2013-06-19 16:00:00-04:00,0.75,0.77,0.73,0.73,15681
2013-06-20 16:00:00-04:00,0.7,0.72,0.65,0.6972,101032
2013-06-21 16:00:00-04:00,0.7,0.7099,0.6669,0.6856,48225
2013-06-24 16:00:00-04:00,0.68,0.68,0.585,0.6399,134087
2013-06-25 16:00:00-04:00,0.6459,0.66,0.6,0.65,27600
2013-06-26 16:00:00-04:00,0.601,0.6017,0.562,0.59,170861
2013-06-27 16:00:00-04:00,0.56,0.64,0.56,0.5935,139400
2013-06-28 16:00:00-04:00,0.565,0.64,0.565,0.6399,71024
2013-07-01 16:00:00-04:00,0.65,0.68,0.6367,0.6741,22775
2013-07-02 16:00:00-04:00,0.65,0.7,0.62,0.6799,54800
2013-07-03 16:00:00-04:00,0.677,0.71,0.6248,0.71,48524
2013-07-05 16:00:00-04:00,0.71,0.71,0.68,0.7,42063
2013-07-08 16:00:00-04:00,0.6601,0.686,0.64,0.67,18293
2013-07-09 16:00:00-04:00,0.63,0.68,0.62,0.68,90944
2013-07-10 16:00:00-04:00,0.68,0.68,0.61,0.64,28030
2013-07-11 16:00:00-04:00,0.66,0.679,0.63,0.67,42030
2013-07-12 16:00:00-04:00,0.67,0.679,0.6501,0.679,25950
2013-07-15 16:00:00-04:00,0.613,0.643,0.613,0.6399,37900
2013-07-16 16:00:00-04:00,0.64,0.6634,0.635,0.6499,76100
2013-07-17 16:00:00-04:00,0.66,0.66,0.61,0.62,14865
2013-07-18 16:00:00-04:00,0.63,0.63,0.5801,0.59,43100
2013-07-19 16:00:00-04:00,0.592,0.64,0.581,0.64,57606
2013-07-22 16:00:00-04:00,0.669,0.669,0.59,0.6299,139823
2013-07-23 16:00:00-04:00,0.6012,0.669,0.6012,0.61,208946
2013-07-24 16:00:00-04:00,0.65,0.65,0.6016,0.63,71324
2013-07-25 16:00:00-04:00,0.62,0.6398,0.5915,0.6,63200
2013-07-26 16:00:00-04:00,0.6,0.6298,0.59,0.59,13100
2013-07-29 16:00:00-04:00,0.6,0.619,0.58,0.61,60500
2013-07-30 16:00:00-04:00,0.58,0.63,0.58,0.627,31300
2013-07-31 16:00:00-04:00,0.627,0.63,0.6,0.6199,29830
2013-08-01 16:00:00-04:00,0.6,0.63,0.6,0.62,16114
2013-08-02 16:00:00-04:00,0.62,0.63,0.6,0.63,41818
2013-08-05 16:00:00-04:00,0.63,0.63,0.6012,0.61,23920
2013-08-06 16:00:00-04:00,0.63,0.63,0.55,0.6,52020
2013-08-07 16:00:00-04:00,0.6,0.6035,0.58,0.59,42428
2013-08-08 16:00:00-04:00,0.6,0.61,0.5701,0.61,83990
2013-08-09 16:00:00-04:00,0.6,0.61,0.5815,0.5996,74800
2013-08-12 16:00:00-04:00,0.6,0.6,0.5516,0.588,135839
2013-08-13 16:00:00-04:00,0.6,0.6,0.55,0.5501,96958
2013-08-14 16:00:00-04:00,0.58,0.58,0.55,0.5799,305350
2013-08-15 16:00:00-04:00,0.59,0.618,0.58,0.618,214825
2013-08-16 16:00:00-04:00,0.648,0.6734,0.6015,0.6399,149635
2013-08-19 16:00:00-04:00,0.64,0.6485,0.62,0.62,95220
2013-08-20 16:00:00-04:00,0.6388,0.65,0.59,0.65,53900
2013-08-21 16:00:00-04:00,0.66,0.66,0.623,0.623,28620
2013-08-22 16:00:00-04:00,0.623,0.65,0.5935,0.61,97395
2013-08-23 16:00:00-04:00,0.611,0.69,0.61,0.65,100065
2013-08-26 16:00:00-04:00,0.66,0.7,0.6201,0.65,181288
2013-08-27 16:00:00-04:00,0.6985,0.6985,0.66,0.6652,157600
2013-08-28 16:00:00-04:00,0.68,0.689,0.605,0.6322,81995
2013-08-29 16:00:00-04:00,0.6126,0.68,0.6126,0.64,30409
2013-08-30 16:00:00-04:00,0.6301,0.67,0.63,0.64,17060
2013-09-03 16:00:00-04:00,0.63,0.659,0.63,0.631,17950
2013-09-04 16:00:00-04:00,0.6583,0.6583,0.59,0.595,121169
2013-09-05 16:00:00-04:00,0.58,0.6098,0.58,0.5996,69580
2013-09-06 16:00:00-04:00,0.6094,0.6094,0.57,0.6,137500
2013-09-09 16:00:00-04:00,0.6199,0.6199,0.571,0.5715,40120
2013-09-10 16:00:00-04:00,0.56,0.5899,0.53,0.565,159807
2013-09-11 16:00:00-04:00,0.58,0.5995,0.541,0.57,40765
2013-09-12 16:00:00-04:00,0.56,0.5699,0.49015,0.5594,184500
2013-09-13 16:00:00-04:00,0.57,0.57,0.5116,0.57,83163
2013-09-16 16:00:00-04:00,0.55,0.59,0.55,0.58,56138
2013-09-17 16:00:00-04:00,0.6,0.6,0.57,0.58,19700
2013-09-18 16:00:00-04:00,0.58,0.64,0.55,0.64,204915
2013-09-19 16:00:00-04:00,0.659,0.6998,0.629,0.64,125762
2013-09-20 16:00:00-04:00,0.67,0.6799,0.561,0.605,112280
2013-09-23 16:00:00-04:00,0.64,0.6693,0.57,0.61,83741
2013-09-24 16:00:00-04:00,0.63,0.63,0.5799,0.62,41030
2013-09-25 16:00:00-04:00,0.6199,0.63,0.5901,0.63,57224
2013-09-26 16:00:00-04:00,0.6,0.6,0.5615,0.6,94696
2013-09-27 16:00:00-04:00,0.58,0.62,0.56,0.62,153258
2013-09-30 16:00:00-04:00,0.58,0.615,0.5333,0.615,84700
2013-10-01 16:00:00-04:00,0.615,0.615,0.56,0.58,41207
2013-10-02 16:00:00-04:00,0.615,0.6469,0.5909,0.5912,185404
2013-10-03 16:00:00-04:00,0.58,0.63,0.58,0.62,34003
2013-10-04 16:00:00-04:00,0.6221,0.68,0.61,0.67,204122
2013-10-07 16:00:00-04:00,0.675,0.74,0.6701,0.74,299720
2013-10-08 16:00:00-04:00,0.76,0.82,0.74,0.7898,190677
2013-10-09 16:00:00-04:00,0.8,0.92,0.79,0.881,303585
2013-10-10 16:00:00-04:00,0.869,1.0126,0.869,0.96,326107
2013-10-11 16:00:00-04:00,0.94,0.9401,0.8701,0.9,188492
2013-10-14 16:00:00-04:00,0.85,0.858,0.763,0.83,188044
2013-10-15 16:00:00-04:00,0.8,0.85,0.8,0.83,25567
2013-10-16 16:00:00-04:00,0.7801,0.82,0.7616,0.8,49436
2013-10-17 16:00:00-04:00,0.82,0.84,0.77,0.84,76403
2013-10-18 16:00:00-04:00,0.86,0.86,0.78,0.81,78270
2013-10-21 16:00:00-04:00,0.8144,0.818,0.75,0.818,67238
2013-10-22 16:00:00-04:00,0.85,0.85,0.7802,0.83,78984
2013-10-23 16:00:00-04:00,0.8478,0.8799,0.829,0.8419,66608
2013-10-24 16:00:00-04:00,0.88,0.9,0.86,0.9,90620
2013-10-25 16:00:00-04:00,0.92,0.92,0.8739,0.92,68211
2013-10-28 16:00:00-04:00,0.94,0.94,0.87,0.8951,42174
2013-10-29 16:00:00-04:00,0.88,0.89,0.853,0.853,37835
2013-10-30 16:00:00-04:00,0.8554,0.8852,0.8401,0.8852,44985
2013-10-31 16:00:00-04:00,0.85,0.875,0.84,0.84,36680
2013-11-01 16:00:00-04:00,0.8602,0.89,0.8403,0.87,31911
2013-11-04 16:00:00-05:00,0.86,0.9378,0.86,0.91,108045
2013-11-05 16:00:00-05:00,0.95,0.95,0.8,0.88,133582
2013-11-06 16:00:00-05:00,0.92,0.92,0.85,0.88,65724
2013-11-07 16:00:00-05:00,0.89,0.9,0.83,0.86,111337
2013-11-08 16:00:00-05:00,0.869,0.869,0.8217,0.8589,37119
2013-11-11 16:00:00-05:00,0.88,0.88,0.84,0.8698,31405
2013-11-12 16:00:00-05:00,0.88,0.88,0.81,0.86,46920
2013-11-13 16:00:00-05:00,0.8401,0.8401,0.81,0.83,18436
2013-11-14 16:00:00-05:00,0.899,0.899,0.86,0.87,86311
2013-11-15 16:00:00-05:00,0.89,0.9,0.85,0.8799,71229
2013-11-18 16:00:00-05:00,0.88,0.88,0.762,0.78,102217
2013-11-19 16:00:00-05:00,0.79,0.81,0.7135,0.81,115642
2013-11-20 16:00:00-05:00,0.771,0.801,0.7311,0.8001,167261
2013-11-21 16:00:00-05:00,0.8,0.84,0.753,0.8,115100
2013-11-22 16:00:00-05:00,0.805,0.848,0.79,0.822,52650
2013-11-25 16:00:00-05:00,0.804,0.83,0.79,0.81,66435
2013-11-26 16:00:00-05:00,0.81,0.818,0.778,0.798,14215
2013-11-27 16:00:00-05:00,0.79,0.8201,0.781,0.7877,46766
2013-11-29 16:00:00-05:00,0.804,0.84,0.7841,0.84,44960
2013-12-02 16:00:00-05:00,0.84,0.84,0.7,0.76,129992
2013-12-03 16:00:00-05:00,0.7335,0.7335,0.66,0.7319,144249
2013-12-04 16:00:00-05:00,0.69,0.78,0.69,0.78,53420
2013-12-05 16:00:00-05:00,0.6807,0.74,0.66,0.725,37233
2013-12-06 16:00:00-05:00,0.78,0.78,0.71,0.7598,34900
2013-12-09 16:00:00-05:00,0.7495,0.75,0.72,0.75,55885
2013-12-10 16:00:00-05:00,0.72,0.78,0.72,0.78,53218
2013-12-11 16:00:00-05:00,0.7231,0.753,0.713,0.75,31795
2013-12-12 16:00:00-05:00,0.75,0.75,0.7,0.7499,34370
2013-12-13 16:00:00-05:00,0.749,0.749,0.68,0.74,110724
2013-12-16 16:00:00-05:00,0.75,0.774,0.72,0.77,66364
2013-12-17 16:00:00-05:00,0.77,0.77,0.69,0.765,76892
2013-12-18 16:00:00-05:00,0.759,0.77,0.719,0.77,83035
2013-12-19 16:00:00-05:00,0.74,0.74,0.673,0.699,40450
2013-12-20 16:00:00-05:00,0.681,0.71,0.6678,0.68,63931
2013-12-23 16:00:00-05:00,0.6801,0.72,0.6801,0.696,30660
2013-12-24 16:00:00-05:00,0.6726,0.7,0.6726,0.7,22900
2013-12-26 16:00:00-05:00,0.6615,0.71,0.6615,0.71,69250
2013-12-27 16:00:00-05:00,0.71,0.71,0.6104,0.622,155205
2013-12-30 16:00:00-05:00,0.66,0.66,0.59,0.64,125241
2013-12-31 16:00:00-05:00,0.66,0.68,0.5856,0.68,209350
2014-01-02 16:00:00-05:00,0.65,0.693,0.6488,0.68,68626
2014-01-03 16:00:00-05:00,0.68,0.6896,0.65,0.6525,26470
2014-01-06 16:00:00-05:00,0.65,0.675,0.625,0.675,59543
2014-01-07 16:00:00-05:00,0.66,0.66,0.625,0.66,57800
2014-01-08 16:00:00-05:00,0.65,0.66,0.619,0.66,52850
2014-01-09 16:00:00-05:00,0.64,0.66,0.6015,0.66,39400
2014-01-10 16:00:00-05:00,0.64,0.6485,0.6301,0.6485,10900
2014-01-13 16:00:00-05:00,0.63,0.64,0.62,0.64,36007
2014-01-14 16:00:00-05:00,0.625,0.64,0.6126,0.64,42350
2014-01-15 16:00:00-05:00,0.64,0.649,0.5991,0.6388,119709
2014-01-16 16:00:00-05:00,0.672,0.672,0.6,0.66,213385
2014-01-17 16:00:00-05:00,0.65,0.65,0.5955,0.6452,248337
2014-01-21 16:00:00-05:00,0.65,0.77,0.65,0.766,391694
2014-01-22 16:00:00-05:00,0.8,0.8052,0.744,0.79,199220
2014-01-23 16:00:00-05:00,0.814,0.814,0.75,0.8,231415
2014-01-24 16:00:00-05:00,0.8,0.8295,0.75,0.7878,138188
2014-01-27 16:00:00-05:00,0.81,0.81,0.7301,0.77,63318
2014-01-28 16:00:00-05:00,0.75,0.77,0.7015,0.77,59213
2014-01-29 16:00:00-05:00,0.78,0.8,0.7241,0.77,151620
2014-01-30 16:00:00-05:00,0.726,0.7599,0.726,0.75,25046
2014-01-31 16:00:00-05:00,0.75,0.75,0.73,0.75,9379
2014-02-03 16:00:00-05:00,0.75,0.75,0.7073,0.7199,36821
2014-02-04 16:00:00-05:00,0.71,0.7212,0.7,0.71,36045
2014-02-05 16:00:00-05:00,0.715,0.72,0.635,0.6501,103315
2014-02-06 16:00:00-05:00,0.67,0.7141,0.6699,0.7,273210
2014-02-07 16:00:00-05:00,0.73,0.73,0.6699,0.7,142905
2014-02-10 16:00:00-05:00,0.73,0.73,0.7099,0.715,79913
2014-02-11 16:00:00-05:00,0.7199,0.7209,0.69,0.71,186250
2014-02-12 16:00:00-05:00,0.7002,0.7003,0.66,0.68,253837
2014-02-13 16:00:00-05:00,0.68,0.7,0.67,0.68,94938
2014-02-14 16:00:00-05:00,0.7,0.7,0.68,0.68,217329
2014-02-18 16:00:00-05:00,0.69,0.69,0.63,0.64,209561
2014-02-19 16:00:00-05:00,0.68,0.68,0.6173,0.6499,289167
2014-02-20 16:00:00-05:00,0.6499,0.65,0.623,0.623,91954
2014-02-21 16:00:00-05:00,0.622,0.635,0.622,0.63,201511
2014-02-24 16:00:00-05:00,0.63,0.6501,0.6299,0.6399,105791
2014-02-25 16:00:00-05:00,0.6498,0.6499,0.622,0.63,82064
2014-02-26 16:00:00-05:00,0.63,0.6348,0.602,0.63,111983
2014-02-27 16:00:00-05:00,0.61,0.6335,0.61,0.611,164077
2014-02-28 16:00:00-05:00,0.606,0.67,0.606,0.66,175537
2014-03-03 16:00:00-05:00,0.67,0.699,0.655,0.655,143771
2014-03-04 16:00:00-05:00,0.6518,0.68,0.6518,0.66,71690
2014-03-05 16:00:00-05:00,0.68,0.69,0.66,0.6899,66381
2014-03-06 16:00:00-05:00,0.69,0.69,0.66,0.66,57400
2014-03-07 16:00:00-05:00,0.68,0.68,0.6401,0.67,27720
2014-03-10 16:00:00-04:00,0.68,0.6825,0.6501,0.6503,39270
2014-03-11 16:00:00-04:00,0.66,0.667,0.6501,0.6502,30512
2014-03-12 16:00:00-04:00,0.6796,0.7099,0.6602,0.7,292751
2014-03-13 16:00:00-04:00,0.69,0.73,0.6899,0.72,236939
2014-03-14 16:00:00-04:00,0.73,0.7399,0.69,0.7,158728
2014-03-17 16:00:00-04:00,0.71,0.72,0.65,0.65,132267
2014-03-18 16:00:00-04:00,0.65,0.685,0.6401,0.66,80324
2014-03-19 16:00:00-04:00,0.6415,0.6699,0.64,0.64,79240
2014-03-20 16:00:00-04:00,0.65,0.65,0.635,0.635,29908
2014-03-21 16:00:00-04:00,0.642,0.66,0.64,0.651,154286
2014-03-24 16:00:00-04:00,0.655,0.66,0.615,0.623,94167
2014-03-25 16:00:00-04:00,0.629,0.629,0.56,0.56,632205
2014-03-26 16:00:00-04:00,0.5615,0.589,0.54,0.54,141993
2014-03-27 16:00:00-04:00,0.549,0.5769,0.5373,0.54,93421
2014-03-28 16:00:00-04:00,0.559,0.59,0.55,0.5719,72827
2014-03-31 16:00:00-04:00,0.59,0.59,0.546,0.59,83094
2014-04-01 16:00:00-04:00,0.59,0.6,0.562,0.6,124197
2014-04-02 16:00:00-04:00,0.611,0.62,0.58,0.61,45929
2014-04-03 16:00:00-04:00,0.61,0.614,0.57,0.57,76289
2014-04-04 16:00:00-04:00,0.57,0.614,0.57,0.614,43882
2014-04-07 16:00:00-04:00,0.614,0.614,0.59,0.605,30162
2014-04-08 16:00:00-04:00,0.6296,0.6299,0.594,0.609,64113
2014-04-09 16:00:00-04:00,0.61,0.61,0.555,0.585,151008
2014-04-10 16:00:00-04:00,0.5616,0.59,0.5528,0.565,69499
2014-04-11 16:00:00-04:00,0.55,0.59,0.55,0.5775,70100
2014-04-14 16:00:00-04:00,0.57,0.5888,0.55,0.55,39444
2014-04-15 16:00:00-04:00,0.55,0.55,0.513,0.54,175529
2014-04-16 16:00:00-04:00,0.54,0.569,0.5126,0.5303,54700
2014-04-17 16:00:00-04:00,0.5215,0.55,0.518,0.53,100841
2014-04-21 16:00:00-04:00,0.5002,0.55,0.5002,0.53,32848
2014-04-22 16:00:00-04:00,0.55,0.55,0.5126,0.54,87715
2014-04-23 16:00:00-04:00,0.549,0.549,0.5201,0.5375,27405
2014-04-24 16:00:00-04:00,0.52,0.55,0.51,0.52,76133
2014-04-25 16:00:00-04:00,0.5301,0.5389,0.52,0.5212,32162
2014-04-28 16:00:00-04:00,0.53,0.548,0.5201,0.53,19287
2014-04-29 16:00:00-04:00,0.548,0.56,0.53,0.54,54737
2014-04-30 16:00:00-04:00,0.5378,0.5378,0.5202,0.5274,53275
2014-05-01 16:00:00-04:00,0.52,0.548,0.5149,0.54,146161
2014-05-02 16:00:00-04:00,0.5302,0.548,0.52,0.537,46306
2014-05-05 16:00:00-04:00,0.53,0.5453,0.52,0.52,17938
2014-05-06 16:00:00-04:00,0.54,0.55,0.53,0.5475,60800
2014-05-07 16:00:00-04:00,0.55,0.57,0.54,0.548,34040
2014-05-08 16:00:00-04:00,0.5312,0.5589,0.5312,0.5589,65476
2014-05-09 16:00:00-04:00,0.5416,0.55,0.53,0.545,46615
2014-05-12 16:00:00-04:00,0.55,0.58,0.55,0.5699,66031
2014-05-13 16:00:00-04:00,0.55,0.58,0.54,0.542,39374
2014-05-14 16:00:00-04:00,0.53,0.56,0.53,0.542,45390
2014-05-15 16:00:00-04:00,0.55,0.578,0.54,0.542,26205
2014-05-16 16:00:00-04:00,0.5799,0.5799,0.55,0.5697,76519
2014-05-19 16:00:00-04:00,0.57,0.6,0.5599,0.5701,116735
2014-05-20 16:00:00-04:00,0.5879,0.5879,0.536,0.55,87425
2014-05-21 16:00:00-04:00,0.5415,0.55,0.527,0.548,57808
2014-05-22 16:00:00-04:00,0.55,0.569,0.5401,0.5669,40700
2014-05-23 16:00:00-04:00,0.569,0.569,0.55,0.569,153800
2014-05-27 16:00:00-04:00,0.64,0.69,0.603,0.675,1116925
2014-05-28 16:00:00-04:00,0.69,0.7195,0.67,0.69,387776
2014-05-29 16:00:00-04:00,0.69,0.69,0.67,0.67,168837
2014-05-30 16:00:00-04:00,0.69,0.69,0.613,0.6611,389310
2014-06-02 16:00:00-04:00,0.6416,0.69,0.64,0.6599,153855
2014-06-03 16:00:00-04:00,0.6889,0.6889,0.609,0.61,68737
2014-06-04 16:00:00-04:00,0.6115,0.64,0.6,0.6,50133
2014-06-05 16:00:00-04:00,0.64,0.64,0.6,0.64,104585
2014-06-06 16:00:00-04:00,0.645,0.65,0.621,0.6399,31296
2014-06-09 16:00:00-04:00,0.6689,0.67,0.621,0.6297,51867
2014-06-10 16:00:00-04:00,0.6685,0.6685,0.63,0.6501,46470
2014-06-11 16:00:00-04:00,0.6695,0.6695,0.643,0.65,98852
2014-06-12 16:00:00-04:00,0.67,0.671,0.643,0.658,131902
2014-06-13 16:00:00-04:00,0.66,0.68,0.646,0.68,199884
2014-06-16 16:00:00-04:00,0.6517,0.671,0.647,0.67,71769
2014-06-17 16:00:00-04:00,0.731,0.785,0.69,0.78,575788
2014-06-18 16:00:00-04:00,0.767,0.7787,0.7247,0.77,176722
2014-06-19 16:00:00-04:00,0.797,0.7999,0.742,0.77,362484
2014-06-20 16:00:00-04:00,0.77,0.83,0.77,0.7994,193489
2014-06-23 16:00:00-04:00,0.79,0.82,0.7776,0.785,310884
2014-06-24 16:00:00-04:00,0.79,0.794,0.74,0.742,292507
2014-06-25 16:00:00-04:00,0.757,0.779,0.72,0.72,234182
2014-06-26 16:00:00-04:00,0.8,0.8,0.758,0.79,481710
2014-06-27 16:00:00-04:00,0.795,0.8,0.785,0.7899,260428
2014-06-30 16:00:00-04:00,0.7827,0.8,0.772,0.79,120509
2014-07-01 16:00:00-04:00,0.8,0.8,0.7699,0.78,78749
2014-07-02 16:00:00-04:00,0.78,0.78,0.74,0.74,61053
2014-07-03 16:00:00-04:00,0.72,0.7399,0.7002,0.72,69967
2014-07-07 16:00:00-04:00,0.74,0.74,0.7156,0.7197,164942
2014-07-08 16:00:00-04:00,0.735,0.735,0.7015,0.725,96891
2014-07-09 16:00:00-04:00,0.74,0.74,0.7201,0.73,39419
2014-07-10 16:00:00-04:00,0.72,0.735,0.7001,0.729,111507
2014-07-11 16:00:00-04:00,0.73,0.73,0.7101,0.7199,70424
2014-07-14 16:00:00-04:00,0.72,0.72,0.68,0.6949,133723
2014-07-15 16:00:00-04:00,0.67,0.6901,0.623,0.632,243193
2014-07-16 16:00:00-04:00,0.6499,0.6499,0.624,0.63,227750
2014-07-17 16:00:00-04:00,0.6421,0.6599,0.6421,0.644,124350
2014-07-18 16:00:00-04:00,0.67,0.6779,0.644,0.668,35398
2014-07-21 16:00:00-04:00,0.68,0.71,0.67,0.7,67664
2014-07-22 16:00:00-04:00,0.71,0.71,0.682,0.7,47911
2014-07-23 16:00:00-04:00,0.7249,0.725,0.6826,0.6925,46205
2014-07-24 16:00:00-04:00,0.6801,0.7,0.6801,0.7,69920
2014-07-25 16:00:00-04:00,0.7,0.74,0.6825,0.74,66535
2014-07-28 16:00:00-04:00,0.728,0.73,0.713,0.7276,58197
2014-07-29 16:00:00-04:00,0.72,0.735,0.702,0.71,48176
2014-07-30 16:00:00-04:00,0.71,0.712,0.7,0.7,83489
2014-07-31 16:00:00-04:00,0.71,0.712,0.66,0.71,162260
2014-08-01 16:00:00-04:00,0.712,0.712,0.6666,0.675,96050
2014-08-04 16:00:00-04:00,0.65,0.73,0.65,0.673,50221
2014-08-05 16:00:00-04:00,0.6731,0.698,0.6731,0.698,61379
2014-08-06 16:00:00-04:00,0.7,0.7106,0.68,0.695,83640
2014-08-07 16:00:00-04:00,0.6816,0.7205,0.68,0.7195,74713
2014-08-08 16:00:00-04:00,0.7099,0.7099,0.6226,0.66,158725
2014-08-11 16:00:00-04:00,0.67,0.67,0.6318,0.6499,115878
2014-08-12 16:00:00-04:00,0.65,0.6994,0.63,0.6994,86336
2014-08-13 16:00:00-04:00,0.705,0.705,0.6399,0.66,166846
2014-08-14 16:00:00-04:00,0.66,0.678,0.636,0.652,127419
2014-08-15 16:00:00-04:00,0.662,0.688,0.6401,0.66,125046
2014-08-18 16:00:00-04:00,0.66,0.66,0.6315,0.64,84517
2014-08-19 16:00:00-04:00,0.64,0.6423,0.627,0.635,110948
2014-08-20 16:00:00-04:00,0.6351,0.66,0.63,0.63,104055
2014-08-21 16:00:00-04:00,0.63,0.64,0.5959,0.5959,411278
2014-08-22 16:00:00-04:00,0.6,0.64,0.6,0.64,59270
2014-08-25 16:00:00-04:00,0.64,0.64,0.61,0.6185,42081
2014-08-26 16:00:00-04:00,0.64,0.64,0.61,0.62,68007
2014-08-27 16:00:00-04:00,0.63,0.63,0.6116,0.62,46028
2014-08-28 16:00:00-04:00,0.62,0.63,0.615,0.62,56060
2014-08-29 16:00:00-04:00,0.63,0.63,0.61,0.6101,55042
2014-09-02 16:00:00-04:00,0.61,0.64,0.61,0.62,52800
2014-09-03 16:00:00-04:00,0.62,0.63,0.5975,0.6199,190073
2014-09-04 16:00:00-04:00,0.6001,0.63,0.59,0.603,76837
2014-09-05 16:00:00-04:00,0.6,0.628,0.6,0.6095,52939
2014-09-08 16:00:00-04:00,0.62,0.635,0.6015,0.63,328737
2014-09-09 16:00:00-04:00,0.652,0.6596,0.6404,0.65,190391
2014-09-10 16:00:00-04:00,0.695,0.6998,0.6522,0.69,363273
2014-09-11 16:00:00-04:00,0.68,0.68,0.6467,0.66,60297
2014-09-12 16:00:00-04:00,0.64,0.67,0.64,0.66,52080
2014-09-15 16:00:00-04:00,0.66,0.67,0.66,0.67,62191
2014-09-16 16:00:00-04:00,0.658,0.66,0.65,0.65,94680
2014-09-17 16:00:00-04:00,0.66,0.66,0.613,0.65,81489
2014-09-18 16:00:00-04:00,0.65,0.65,0.6232,0.6439,76346
2014-09-19 16:00:00-04:00,0.65,0.65,0.6,0.62,90706
2014-09-22 16:00:00-04:00,0.62,0.628,0.59,0.6,94162
2014-09-23 16:00:00-04:00,0.631,0.6497,0.6017,0.6221,103211
2014-09-24 16:00:00-04:00,0.6376,0.6592,0.6376,0.659,102840
2014-09-25 16:00:00-04:00,0.66,0.7,0.6502,0.6502,84410
2014-09-26 16:00:00-04:00,0.7,0.7,0.6316,0.67,259923
2014-09-29 16:00:00-04:00,0.7,0.7225,0.662,0.709,194345
2014-09-30 16:00:00-04:00,0.6616,0.69,0.65,0.6622,38762
2014-10-01 16:00:00-04:00,0.65,0.66,0.6395,0.6395,54338
2014-10-02 16:00:00-04:00,0.6317,0.64,0.622,0.64,27196
2014-10-03 16:00:00-04:00,0.6599,0.6599,0.62,0.62,109370
2014-10-06 16:00:00-04:00,0.633,0.64,0.61,0.61,78064
2014-10-07 16:00:00-04:00,0.61,0.63,0.6,0.6,100621
2014-10-08 16:00:00-04:00,0.61,0.64,0.595,0.64,133928
2014-10-09 16:00:00-04:00,0.629,0.629,0.594,0.6,73950
2014-10-10 16:00:00-04:00,0.6,0.63,0.58,0.5848,144255
2014-10-13 16:00:00-04:00,0.575,0.59,0.56,0.5899,168182
2014-10-14 16:00:00-04:00,0.5851,0.6369,0.5802,0.5997,86225
2014-10-15 16:00:00-04:00,0.629,0.648,0.6,0.63,168748
2014-10-16 16:00:00-04:00,0.63,0.65,0.6021,0.63,70378
2014-10-17 16:00:00-04:00,0.65,0.65,0.612,0.64,36513
2014-10-20 16:00:00-04:00,0.62,0.65,0.608,0.63,80007
2014-10-21 16:00:00-04:00,0.64,0.64,0.6116,0.628,98929
2014-10-22 16:00:00-04:00,0.64,0.64,0.57,0.6099,122097
2014-10-23 16:00:00-04:00,0.61,0.61,0.56,0.56,143944
2014-10-24 16:00:00-04:00,0.6016,0.6016,0.574,0.58,56325
2014-10-27 16:00:00-04:00,0.6,0.6,0.56,0.589,51210
2014-10-28 16:00:00-04:00,0.59,0.6,0.57,0.59,54445
2014-10-29 16:00:00-04:00,0.5999,0.617,0.5619,0.5801,91663
2014-10-30 16:00:00-04:00,0.577,0.6,0.551,0.57,93291
2014-10-31 16:00:00-04:00,0.551,0.5649,0.5,0.53,299967
2014-11-03 16:00:00-05:00,0.51,0.53,0.4967,0.53,305419
2014-11-04 16:00:00-05:00,0.52,0.53,0.491,0.53,171093
2014-11-05 16:00:00-05:00,0.5397,0.54,0.4838,0.5,109354
2014-11-06 16:00:00-05:00,0.5,0.5039,0.4902,0.495,23410
2014-11-07 16:00:00-05:00,0.5099,0.51,0.4807,0.4976,102198
2014-11-10 16:00:00-05:00,0.4818,0.51,0.4818,0.506,136265
2014-11-11 16:00:00-05:00,0.493,0.52,0.493,0.5079,43575
2014-11-12 16:00:00-05:00,0.51,0.515,0.473,0.5,93016
2014-11-13 16:00:00-05:00,0.5,0.5093,0.4817,0.495,19844
2014-11-14 16:00:00-05:00,0.4817,0.5,0.4805,0.5,129056
2014-11-17 16:00:00-05:00,0.508,0.5298,0.48,0.4815,79547
2014-11-18 16:00:00-05:00,0.51,0.51,0.47,0.487,275131
2014-11-19 16:00:00-05:00,0.487,0.51,0.4703,0.4703,53995
2014-11-20 16:00:00-05:00,0.4719,0.539,0.4719,0.474,122349
2014-11-21 16:00:00-05:00,0.49,0.539,0.484,0.53,72639
2014-11-24 16:00:00-05:00,0.5344,0.539,0.4725,0.4954,36686
2014-11-25 16:00:00-05:00,0.49,0.51,0.4725,0.4794,75115
2014-11-26 16:00:00-05:00,0.49,0.5,0.49,0.493,42574
2014-11-28 16:00:00-05:00,0.49,0.4999,0.48,0.4884,99125
2014-12-01 16:00:00-05:00,0.48,0.5012,0.4707,0.49,123523
2014-12-02 16:00:00-05:00,0.49,0.49,0.455,0.4621,112680
2014-12-03 16:00:00-05:00,0.46,0.48,0.4351,0.47,75848
2014-12-04 16:00:00-05:00,0.46,0.48,0.44,0.48,116443
2014-12-05 16:00:00-05:00,0.48,0.4961,0.4721,0.496,90335
2014-12-08 16:00:00-05:00,0.481,0.4939,0.45,0.46,115019
2014-12-09 16:00:00-05:00,0.45,0.4813,0.45,0.4813,105455
2014-12-10 16:00:00-05:00,0.4783,0.479,0.45,0.45,104410
2014-12-11 16:00:00-05:00,0.478,0.5,0.4506,0.49,103013
2014-12-12 16:00:00-05:00,0.461,0.482,0.45,0.47,43139
2014-12-15 16:00:00-05:00,0.46,0.46,0.4,0.43,267746
2014-12-16 16:00:00-05:00,0.43,0.449,0.4,0.418,107260
2014-12-17 16:00:00-05:00,0.41,0.44,0.41,0.4286,165556
2014-12-18 16:00:00-05:00,0.4587,0.4587,0.4202,0.45,282457
2014-12-19 16:00:00-05:00,0.4599,0.4599,0.439,0.45,147203
2014-12-22 16:00:00-05:00,0.45,0.4699,0.42,0.4301,149413
2014-12-23 16:00:00-05:00,0.43,0.45,0.425,0.4313,136740
2014-12-24 16:00:00-05:00,0.425,0.45,0.425,0.444,30659
2014-12-26 16:00:00-05:00,0.46,0.47,0.45,0.47,27075
2014-12-29 16:00:00-05:00,0.49,0.49,0.425,0.4252,127801
2014-12-30 16:00:00-05:00,0.4359,0.439,0.425,0.4366,197882
2014-12-31 16:00:00-05:00,0.43,0.47,0.4263,0.47,164555
2015-01-02 16:00:00-05:00,0.43,0.456,0.43,0.44,142078
2015-01-05 16:00:00-05:00,0.446,0.4523,0.4302,0.4471,68402
2015-01-06 16:00:00-05:00,0.4526,0.465,0.4256,0.445,114170
2015-01-07 16:00:00-05:00,0.445,0.46,0.4301,0.4327,75051
2015-01-08 16:00:00-05:00,0.446,0.5,0.4327,0.4757,126009
2015-01-09 16:00:00-05:00,0.48,0.495,0.4561,0.48,257603
2015-01-12 16:00:00-05:00,0.48,0.54,0.4499,0.525,473728
2015-01-13 16:00:00-05:00,0.54,0.55,0.47,0.47,91602
2015-01-14 16:00:00-05:00,0.5099,0.56,0.492,0.52,197100
2015-01-15 16:00:00-05:00,0.5699,0.57,0.5,0.503,98126
2015-01-16 16:00:00-05:00,0.54,0.54,0.49,0.49,84760
2015-01-20 16:00:00-05:00,0.5,0.5398,0.5,0.5105,81032
2015-01-21 16:00:00-05:00,0.53,0.54,0.51,0.51,51098
2015-01-22 16:00:00-05:00,0.5101,0.5368,0.5046,0.5288,58367
2015-01-23 16:00:00-05:00,0.52,0.53,0.485,0.519,110873
2015-01-26 16:00:00-05:00,0.52,0.53,0.485,0.525,33602
2015-01-27 16:00:00-05:00,0.49,0.518,0.47,0.518,73837
2015-01-28 16:00:00-05:00,0.5,0.5,0.45,0.47,79100
2015-01-29 16:00:00-05:00,0.49,0.49,0.45,0.4801,48137
2015-01-30 16:00:00-05:00,0.4901,0.5,0.45,0.482,115731
2015-02-02 16:00:00-05:00,0.5,0.5,0.4503,0.475,48479
2015-02-03 16:00:00-05:00,0.47,0.4786,0.46,0.475,42919
2015-02-04 16:00:00-05:00,0.48,0.5,0.46,0.5,83196
2015-02-05 16:00:00-05:00,0.49,0.51,0.4627,0.51,117818
2015-02-06 16:00:00-05:00,0.4949,0.51,0.4621,0.509,171953
2015-02-09 16:00:00-05:00,0.4901,0.54,0.4901,0.54,167708
2015-02-10 16:00:00-05:00,0.538,0.538,0.4977,0.5168,28105
2015-02-11 16:00:00-05:00,0.5196,0.5198,0.51,0.5188,11273
2015-02-12 16:00:00-05:00,0.5145,0.5241,0.5016,0.5101,28900
2015-02-13 16:00:00-05:00,0.5082,0.5199,0.5,0.5199,24755
2015-02-17 16:00:00-05:00,0.52,0.52,0.4879,0.5095,24625
2015-02-18 16:00:00-05:00,0.5086,0.51,0.481,0.5091,91700
2015-02-19 16:00:00-05:00,0.49,0.5064,0.4856,0.5064,20120
2015-02-20 16:00:00-05:00,0.4897,0.497,0.48,0.489,32219
2015-02-23 16:00:00-05:00,0.485,0.485,0.4799,0.48,108300
2015-02-24 16:00:00-05:00,0.47,0.49,0.46,0.4715,48374
2015-02-25 16:00:00-05:00,0.47,0.4795,0.4553,0.4764,119199
2015-02-26 16:00:00-05:00,0.47,0.4831,0.441,0.45,69826
2015-02-27 16:00:00-05:00,0.46,0.4665,0.44,0.4599,247775
2015-03-02 16:00:00-05:00,0.458,0.458,0.4415,0.4415,59850
2015-03-03 16:00:00-05:00,0.46,0.4926,0.4401,0.4401,359406
2015-03-04 16:00:00-05:00,0.45,0.45,0.43,0.44,798058
2015-03-05 16:00:00-05:00,0.4467,0.49,0.43,0.43,467936
2015-03-06 16:00:00-05:00,0.4308,0.45,0.4,0.4119,407335
2015-03-09 16:00:00-04:00,0.42,0.4298,0.4064,0.4098,282700
2015-03-10 16:00:00-04:00,0.4,0.42,0.39,0.3939,359824
2015-03-11 16:00:00-04:00,0.3913,0.4199,0.3701,0.41,590855
2015-03-12 16:00:00-04:00,0.4086,0.44,0.3996,0.4232,316474
2015-03-13 16:00:00-04:00,0.4197,0.45,0.4001,0.4075,354197
2015-03-16 16:00:00-04:00,0.41,0.416,0.3892,0.4,73320
2015-03-17 16:00:00-04:00,0.399,0.405,0.3775,0.405,54712
2015-03-18 16:00:00-04:00,0.4025,0.4393,0.4025,0.425,80797
2015-03-19 16:00:00-04:00,0.43,0.45,0.3979,0.45,233977
2015-03-20 16:00:00-04:00,0.43,0.45,0.422,0.45,114141
2015-03-23 16:00:00-04:00,0.45,0.479,0.45,0.479,125087
2015-03-24 16:00:00-04:00,0.49,0.49,0.4684,0.4684,5800
2015-03-25 16:00:00-04:00,0.4827,0.485,0.4747,0.481,47206
2015-03-26 16:00:00-04:00,0.4808,0.4832,0.47,0.475,81613
2015-03-27 16:00:00-04:00,0.49,0.49,0.46,0.4699,36598
2015-03-30 16:00:00-04:00,0.49,0.49,0.453,0.463,35852
2015-03-31 16:00:00-04:00,0.46,0.46,0.4199,0.421,68159
2015-04-01 16:00:00-04:00,0.48,0.48,0.4115,0.4311,45400
2015-04-02 16:00:00-04:00,0.4237,0.464,0.4199,0.46,93960
2015-04-06 16:00:00-04:00,0.44,0.4824,0.44,0.4456,111618
2015-04-07 16:00:00-04:00,0.4533,0.4667,0.426,0.4386,41050
2015-04-08 16:00:00-04:00,0.4201,0.441,0.4201,0.44,23556
2015-04-09 16:00:00-04:00,0.4277,0.44,0.42,0.4342,97784
2015-04-10 16:00:00-04:00,0.44,0.49,0.4341,0.48,157929
2015-04-13 16:00:00-04:00,0.463,0.463,0.4421,0.444,47900
2015-04-14 16:00:00-04:00,0.48,0.4849,0.45,0.45,227729
2015-04-15 16:00:00-04:00,0.455,0.5241,0.4525,0.485,472278
2015-04-16 16:00:00-04:00,0.5049,0.52,0.49,0.5092,231376
2015-04-17 16:00:00-04:00,0.513,0.5156,0.462,0.48,152136
2015-04-20 16:00:00-04:00,0.4911,0.512,0.48,0.4842,127949
2015-04-21 16:00:00-04:00,0.49,0.4917,0.48,0.4864,20954
2015-04-22 16:00:00-04:00,0.49,0.49,0.461,0.4675,101221
2015-04-23 16:00:00-04:00,0.47,0.4793,0.461,0.4686,63488
2015-04-24 16:00:00-04:00,0.46,0.48,0.46,0.48,77893
2015-04-27 16:00:00-04:00,0.4888,0.4888,0.4541,0.4601,52078
2015-04-28 16:00:00-04:00,0.4799,0.48,0.47,0.4725,27600
2015-04-29 16:00:00-04:00,0.4888,0.4888,0.4638,0.48,43281
2015-04-30 16:00:00-04:00,0.4618,0.49,0.456,0.4857,31764
2015-05-01 16:00:00-04:00,0.49,0.505,0.47,0.5,16700
2015-05-04 16:00:00-04:00,0.4969,0.4979,0.47,0.48,15951
2015-05-05 16:00:00-04:00,0.495,0.495,0.462,0.465,30036
2015-05-06 16:00:00-04:00,0.495,0.495,0.45,0.454,81005
2015-05-07 16:00:00-04:00,0.46,0.48,0.44,0.48,115483
2015-05-08 16:00:00-04:00,0.44,0.5049,0.44,0.503,182319
2015-05-11 16:00:00-04:00,0.503,0.54,0.5,0.51,528184
2015-05-12 16:00:00-04:00,0.5184,0.53,0.505,0.52,148054
2015-05-13 16:00:00-04:00,0.52,0.5518,0.511,0.5455,278132
2015-05-14 16:00:00-04:00,0.56,0.59,0.5446,0.5687,360212
2015-05-15 16:00:00-04:00,0.5754,0.5783,0.546,0.56,142722
2015-05-18 16:00:00-04:00,0.59,0.6,0.55,0.56,169578
2015-05-19 16:00:00-04:00,0.5343,0.55,0.52,0.53,237771
2015-05-20 16:00:00-04:00,0.5354,0.5443,0.5204,0.54,66033
2015-05-21 16:00:00-04:00,0.545,0.55,0.4801,0.5247,572545
2015-05-22 16:00:00-04:00,0.51,0.54,0.51,0.54,46517
2015-05-26 16:00:00-04:00,0.55,0.55,0.48,0.522,131267
2015-05-27 16:00:00-04:00,0.52,0.529,0.51,0.5201,11517
2015-05-28 16:00:00-04:00,0.49,0.533,0.49,0.5216,31603
2015-05-29 16:00:00-04:00,0.5404,0.5404,0.5,0.52,19254
2015-06-01 16:00:00-04:00,0.538,0.55,0.51,0.5198,16750
2015-06-02 16:00:00-04:00,0.5235,0.53,0.52,0.5232,25732
2015-06-03 16:00:00-04:00,0.52,0.5251,0.52,0.5203,18650
2015-06-04 16:00:00-04:00,0.5203,0.5299,0.5105,0.52,40850
2015-06-05 16:00:00-04:00,0.51,0.5169,0.4934,0.5027,99959
2015-06-08 16:00:00-04:00,0.505,0.52,0.5,0.5192,79394
2015-06-09 16:00:00-04:00,0.52,0.52,0.51,0.512,29520
2015-06-10 16:00:00-04:00,0.53,0.5336,0.52,0.52,67049
2015-06-11 16:00:00-04:00,0.52,0.5318,0.51,0.52,46428
2015-06-12 16:00:00-04:00,0.5221,0.523,0.5142,0.5208,33050
2015-06-15 16:00:00-04:00,0.5293,0.5293,0.5122,0.52,39870
2015-06-16 16:00:00-04:00,0.52,0.5328,0.52,0.5299,83853
2015-06-17 16:00:00-04:00,0.5306,0.5307,0.52,0.5301,112814
2015-06-18 16:00:00-04:00,0.53,0.5458,0.5287,0.5338,52575
2015-06-19 16:00:00-04:00,0.535,0.535,0.51,0.5208,22634
2015-06-22 16:00:00-04:00,0.51,0.525,0.502,0.525,14375
2015-06-23 16:00:00-04:00,0.5199,0.52,0.5021,0.505,96495
2015-06-24 16:00:00-04:00,0.51,0.51,0.487,0.5,75520
2015-06-25 16:00:00-04:00,0.4902,0.5129,0.4902,0.5,40833
2015-06-26 16:00:00-04:00,0.49,0.5205,0.48,0.495,111075
2015-06-29 16:00:00-04:00,0.4996,0.4996,0.48,0.48,19703
2015-06-30 16:00:00-04:00,0.4999,0.5054,0.474,0.474,522337
2015-07-01 16:00:00-04:00,0.49,0.5,0.47,0.47,107812
2015-07-02 16:00:00-04:00,0.4903,0.4993,0.46,0.46,162040
2015-07-06 16:00:00-04:00,0.46,0.47,0.44,0.44,106083
2015-07-07 16:00:00-04:00,0.4364,0.456,0.42,0.425,418272
2015-07-08 16:00:00-04:00,0.4284,0.4447,0.4,0.4016,132720
2015-07-09 16:00:00-04:00,0.4069,0.4395,0.4069,0.4144,86354
2015-07-10 16:00:00-04:00,0.45,0.45,0.4034,0.4195,76274
2015-07-13 16:00:00-04:00,0.426,0.444,0.4,0.4,106001
2015-07-14 16:00:00-04:00,0.4,0.4184,0.4,0.4,94546
2015-07-15 16:00:00-04:00,0.4005,0.4012,0.37,0.376,131300
2015-07-16 16:00:00-04:00,0.375,0.3899,0.26,0.3697,1595029
2015-07-17 16:00:00-04:00,0.355,0.38,0.35,0.37,131351
2015-07-20 16:00:00-04:00,0.365,0.365,0.3264,0.345,221734
2015-07-21 16:00:00-04:00,0.34,0.3728,0.3281,0.3518,703094
2015-07-22 16:00:00-04:00,0.3402,0.3615,0.34,0.3599,91770
2015-07-23 16:00:00-04:00,0.35,0.36,0.34,0.34,85709
2015-07-24 16:00:00-04:00,0.325,0.35,0.3224,0.3474,94170
2015-07-27 16:00:00-04:00,0.349,0.3725,0.331,0.3432,37365
2015-07-28 16:00:00-04:00,0.38,0.386,0.3604,0.38,12626
2015-07-29 16:00:00-04:00,0.38,0.392,0.3755,0.3917,19070
2015-07-30 16:00:00-04:00,0.392,0.4319,0.3808,0.42,87097
2015-07-31 16:00:00-04:00,0.392,0.4179,0.3901,0.4147,87600
2015-08-03 16:00:00-04:00,0.403,0.43,0.4,0.4076,25884
2015-08-04 16:00:00-04:00,0.4,0.42,0.38,0.38,66600
2015-08-05 16:00:00-04:00,0.4099,0.4099,0.38,0.3817,42715
2015-08-06 16:00:00-04:00,0.3844,0.4099,0.3801,0.4099,16072
2015-08-07 16:00:00-04:00,0.4059,0.4059,0.3501,0.37,84587
2015-08-10 16:00:00-04:00,0.37,0.4242,0.3604,0.3871,86527
2015-08-11 16:00:00-04:00,0.383,0.386,0.3678,0.3859,59800
2015-08-12 16:00:00-04:00,0.4069,0.4069,0.3817,0.4,62755
2015-08-13 16:00:00-04:00,0.386,0.417,0.3704,0.384,103076
2015-08-14 16:00:00-04:00,0.3859,0.3888,0.377,0.3865,17045
2015-08-17 16:00:00-04:00,0.381,0.3849,0.375,0.375,27483
2015-08-18 16:00:00-04:00,0.375,0.384,0.36,0.36,19700
2015-08-19 16:00:00-04:00,0.358,0.3995,0.343,0.38,124714
2015-08-20 16:00:00-04:00,0.38,0.4023,0.37,0.4,112701
2015-08-21 16:00:00-04:00,0.4,0.4095,0.39,0.4095,55493
2015-08-24 16:00:00-04:00,0.4021,0.4045,0.375,0.375,114071
2015-08-25 16:00:00-04:00,0.375,0.3754,0.3212,0.3296,130250
2015-08-26 16:00:00-04:00,0.33,0.3596,0.33,0.33,81475
2015-08-27 16:00:00-04:00,0.33,0.34,0.319,0.33,34716
2015-08-28 16:00:00-04:00,0.335,0.3697,0.335,0.3567,53000
2015-08-31 16:00:00-04:00,0.3525,0.3526,0.3362,0.34,35652
2015-09-01 16:00:00-04:00,0.3499,0.3529,0.325,0.338,44600
2015-09-02 16:00:00-04:00,0.33,0.375,0.33,0.3718,66769
2015-09-03 16:00:00-04:00,0.37,0.3779,0.35,0.3656,48151
2015-09-04 16:00:00-04:00,0.3656,0.3656,0.3449,0.3472,29612
2015-09-08 16:00:00-04:00,0.34,0.3568,0.325,0.335,104477
2015-09-09 16:00:00-04:00,0.35,0.37,0.327,0.363,36207
2015-09-10 16:00:00-04:00,0.3728,0.4,0.37,0.4,192403
2015-09-11 16:00:00-04:00,0.415,0.442,0.4,0.41,192786
2015-09-14 16:00:00-04:00,0.41,0.44,0.4,0.4164,122588
2015-09-15 16:00:00-04:00,0.428,0.428,0.387,0.4091,179918
2015-09-16 16:00:00-04:00,0.41,0.434,0.41,0.4312,132701
2015-09-17 16:00:00-04:00,0.433,0.4333,0.419,0.4204,95854
2015-09-18 16:00:00-04:00,0.425,0.44,0.424,0.43,71004
2015-09-21 16:00:00-04:00,0.43,0.44,0.43,0.439,60030
2015-09-22 16:00:00-04:00,0.44,0.4402,0.42,0.4233,87594
2015-09-23 16:00:00-04:00,0.425,0.4317,0.4112,0.4155,54755
2015-09-24 16:00:00-04:00,0.4278,0.4452,0.4246,0.4439,80394
2015-09-25 16:00:00-04:00,0.44,0.44,0.417,0.4171,64250
2015-09-28 16:00:00-04:00,0.415,0.425,0.4,0.4,72934
2015-09-29 16:00:00-04:00,0.39,0.4,0.38,0.389,45043
2015-09-30 16:00:00-04:00,0.395,0.395,0.38,0.38,40558
2015-10-01 16:00:00-04:00,0.3843,0.389,0.3826,0.389,25409
2015-10-02 16:00:00-04:00,0.38,0.385,0.36,0.37,208814
2015-10-05 16:00:00-04:00,0.37,0.385,0.3501,0.38,177149
2015-10-06 16:00:00-04:00,0.3626,0.4162,0.3502,0.3977,82094
2015-10-07 16:00:00-04:00,0.4165,0.418,0.38,0.38,35915
2015-10-08 16:00:00-04:00,0.38,0.4,0.3737,0.3808,60600
2015-10-09 16:00:00-04:00,0.37,0.4217,0.37,0.4122,64874
2015-10-12 16:00:00-04:00,0.4428,0.4499,0.3841,0.41,22861
2015-10-13 16:00:00-04:00,0.39,0.4098,0.375,0.375,30496
2015-10-14 16:00:00-04:00,0.4,0.4105,0.3836,0.4,91219
2015-10-15 16:00:00-04:00,0.406,0.4227,0.39,0.41,122806
2015-10-16 16:00:00-04:00,0.4197,0.4208,0.4,0.4076,200217
2015-10-19 16:00:00-04:00,0.4069,0.419,0.38,0.38,103514
2015-10-20 16:00:00-04:00,0.39,0.4064,0.385,0.4064,7840
2015-10-21 16:00:00-04:00,0.405,0.41,0.38,0.408,20981
2015-10-22 16:00:00-04:00,0.3982,0.4141,0.378,0.396,75650
2015-10-23 16:00:00-04:00,0.39,0.4043,0.3789,0.4,153036
2015-10-26 16:00:00-04:00,0.41,0.4182,0.401,0.411,50880
2015-10-27 16:00:00-04:00,0.4025,0.4025,0.3796,0.39,38641
2015-10-28 16:00:00-04:00,0.39,0.4121,0.38,0.4121,103860
2015-10-29 16:00:00-04:00,0.4043,0.41,0.3901,0.41,49950
2015-10-30 16:00:00-04:00,0.41,0.4182,0.39,0.4,30750
2015-11-02 16:00:00-05:00,0.4,0.4148,0.39,0.4001,56453
2015-11-03 16:00:00-05:00,0.406,0.42,0.39,0.4121,61952
2015-11-04 16:00:00-05:00,0.42,0.47,0.41,0.43,609901
2015-11-05 16:00:00-05:00,0.446,0.455,0.4202,0.435,173875
2015-11-06 16:00:00-05:00,0.4186,0.4383,0.3955,0.4383,86033
2015-11-09 16:00:00-05:00,0.445,0.4781,0.445,0.4727,73603
2015-11-10 16:00:00-05:00,0.55,0.63,0.5305,0.54,793819
2015-11-11 16:00:00-05:00,0.549,0.57,0.5175,0.55,212176
2015-11-12 16:00:00-05:00,0.55,0.58,0.55,0.5761,227387
2015-11-13 16:00:00-05:00,0.5743,0.5743,0.56,0.56,178941
2015-11-16 16:00:00-05:00,0.56,0.5786,0.54,0.54,108897
2015-11-17 16:00:00-05:00,0.56,0.5695,0.4907,0.53,170991
2015-11-18 16:00:00-05:00,0.538,0.58,0.5069,0.5701,226432
2015-11-19 16:00:00-05:00,0.585,0.585,0.5568,0.574,223703
2015-11-20 16:00:00-05:00,0.5611,0.565,0.5436,0.565,89818
2015-11-23 16:00:00-05:00,0.568,0.568,0.531,0.5513,85381
2015-11-24 16:00:00-05:00,0.5649,0.565,0.552,0.5535,115406
2015-11-25 16:00:00-05:00,0.56,0.58,0.524,0.58,142849
2015-11-27 16:00:00-05:00,0.5499,0.5499,0.53,0.532,36481
2015-11-30 16:00:00-05:00,0.532,0.562,0.53,0.545,57705
2015-12-01 16:00:00-05:00,0.5503,0.5575,0.53,0.55,49337
2015-12-02 16:00:00-05:00,0.5556,0.5556,0.5,0.5289,74647
2015-12-03 16:00:00-05:00,0.5658,0.5658,0.52,0.545,120031
2015-12-04 16:00:00-05:00,0.54,0.5628,0.535,0.55,111143
2015-12-07 16:00:00-05:00,0.53,0.5743,0.53,0.57,128832
2015-12-08 16:00:00-05:00,0.5649,0.57,0.5564,0.5694,70843
2015-12-09 16:00:00-05:00,0.556,0.6,0.556,0.588,202435
2015-12-10 16:00:00-05:00,0.61,0.6125,0.5871,0.5912,83440
2015-12-11 16:00:00-05:00,0.59,0.6354,0.59,0.6094,322701
2015-12-14 16:00:00-05:00,0.63,0.6369,0.6,0.62,95323
2015-12-15 16:00:00-05:00,0.62,0.63,0.6,0.63,106219
2015-12-16 16:00:00-05:00,0.6298,0.637,0.6129,0.6231,118986
2015-12-17 16:00:00-05:00,0.62,0.64,0.6111,0.6307,144614
2015-12-18 16:00:00-05:00,0.63,0.67,0.63,0.6412,97944
2015-12-21 16:00:00-05:00,0.64,0.65,0.64,0.6488,194666
2015-12-22 16:00:00-05:00,0.6495,0.6544,0.6344,0.6384,90302
2015-12-23 16:00:00-05:00,0.639,0.6595,0.63,0.64,311239
2015-12-24 16:00:00-05:00,0.6489,0.661,0.631,0.6553,100332
2015-12-28 16:00:00-05:00,0.642,0.68,0.64,0.6639,32474
2015-12-29 16:00:00-05:00,0.6639,0.6723,0.6515,0.663,46030
2015-12-30 16:00:00-05:00,0.66,0.6868,0.66,0.6701,77717
2015-12-31 16:00:00-05:00,0.6625,0.69,0.6625,0.6758,133163
2016-01-04 16:00:00-05:00,0.68,0.6899,0.6625,0.68,95962
2016-01-05 16:00:00-05:00,0.68,0.68,0.65,0.6662,103805
2016-01-06 16:00:00-05:00,0.65,0.6637,0.6424,0.6607,123186
2016-01-07 16:00:00-05:00,0.6634,0.675,0.643,0.6646,109775
2016-01-08 16:00:00-05:00,0.6593,0.66,0.64,0.6491,81209
2016-01-11 16:00:00-05:00,0.65,0.65,0.5746,0.6129,195212
2016-01-12 16:00:00-05:00,0.57,0.5944,0.5577,0.5751,264450
2016-01-13 16:00:00-05:00,0.57,0.6201,0.57,0.6201,82686
2016-01-14 16:00:00-05:00,0.621,0.6273,0.5759,0.5859,123108
2016-01-15 16:00:00-05:00,0.5862,0.6109,0.5664,0.5952,121598
2016-01-19 16:00:00-05:00,0.576,0.6089,0.54,0.54,199719
2016-01-20 16:00:00-05:00,0.54,0.57,0.54,0.567,76827
2016-01-21 16:00:00-05:00,0.5584,0.6004,0.5584,0.5996,86302
2016-01-22 16:00:00-05:00,0.608,0.608,0.5903,0.6038,89322
2016-01-25 16:00:00-05:00,0.6,0.6169,0.555,0.6169,85021
2016-01-26 16:00:00-05:00,0.62,0.658,0.62,0.6523,72964
2016-01-27 16:00:00-05:00,0.64,0.6599,0.63,0.6599,42013
2016-01-28 16:00:00-05:00,0.66,0.66,0.631,0.6477,44125
2016-01-29 16:00:00-05:00,0.66,0.6632,0.64,0.6448,40088
2016-02-01 16:00:00-05:00,0.6615,0.75,0.6615,0.6914,289101
2016-02-02 16:00:00-05:00,0.7,0.7,0.6594,0.69,109772
2016-02-03 16:00:00-05:00,0.698,0.74,0.6704,0.7287,1327173
2016-02-04 16:00:00-05:00,0.74,0.74,0.6949,0.7352,195702
2016-02-05 16:00:00-05:00,0.74,0.74,0.7198,0.7398,87102
2016-02-08 16:00:00-05:00,0.765,0.8,0.741,0.7715,548837
2016-02-09 16:00:00-05:00,0.78,0.79,0.771,0.771,222070
2016-02-10 16:00:00-05:00,0.7944,0.7944,0.75,0.77,147611
2016-02-11 16:00:00-05:00,0.81,0.85,0.782,0.8015,501885
2016-02-12 16:00:00-05:00,0.8,0.8055,0.7602,0.7602,228684
2016-02-16 16:00:00-05:00,0.755,0.7697,0.731,0.7539,293697
2016-02-17 16:00:00-05:00,0.75,0.78,0.7478,0.7701,245333
2016-02-18 16:00:00-05:00,0.75,0.8289,0.75,0.81,570503
2016-02-19 16:00:00-05:00,0.8073,0.8892,0.8073,0.8452,616686
2016-02-22 16:00:00-05:00,0.85,0.93,0.8206,0.8794,623906
2016-02-23 16:00:00-05:00,0.91,0.9253,0.854,0.87,1488397
2016-02-24 16:00:00-05:00,0.91,0.91,0.85,0.855,315170
2016-02-25 16:00:00-05:00,0.88,0.8944,0.8259,0.8944,305133
2016-02-26 16:00:00-05:00,0.89,0.9,0.8312,0.8688,127843
2016-02-29 16:00:00-05:00,0.841,0.93,0.841,0.92,337615
2016-03-01 16:00:00-05:00,0.97,0.99,0.9452,0.97,621471
2016-03-02 16:00:00-05:00,0.9832,1.0899,0.9667,1.08,501849
2016-03-03 16:00:00-05:00,1.11,1.17,1.09,1.1199,892945
2016-03-04 16:00:00-05:00,1.15,1.16,0.9328,1.01,1259480
2016-03-07 16:00:00-05:00,1.06,1.06,1.0,1.02,544293
2016-03-08 16:00:00-05:00,1.05,1.05,0.9514,1.01,338263
2016-03-09 16:00:00-05:00,0.9599,0.999,0.9372,0.982,372669
2016-03-10 16:00:00-05:00,0.95,1.06,0.95,0.98,635802
2016-03-11 16:00:00-05:00,1.01,1.05,1.0,1.0,333882
2016-03-14 16:00:00-04:00,1.0,1.04,0.96,0.97,260418
2016-03-15 16:00:00-04:00,0.9545,0.97,0.93,0.9411,283390
2016-03-16 16:00:00-04:00,0.95,1.02,0.92,1.02,401511
2016-03-17 16:00:00-04:00,1.03,1.05,0.9981,0.9981,340602
2016-03-18 16:00:00-04:00,1.01,1.01,0.985,1.0,106555
2016-03-21 16:00:00-04:00,1.01,1.01,0.9401,0.95,188921
2016-03-22 16:00:00-04:00,0.94,1.01,0.94,0.9607,151537
2016-03-23 16:00:00-04:00,0.9336,0.956,0.878,0.91,359952
2016-03-24 16:00:00-04:00,0.89,0.965,0.89,0.9649,217372
2016-03-28 16:00:00-04:00,0.96,0.9733,0.92,0.925,112444
2016-03-29 16:00:00-04:00,0.94,1.0163,0.922,1.0,246927
2016-03-30 16:00:00-04:00,0.99,1.05,0.9885,1.04,294572
2016-03-31 16:00:00-04:00,1.05,1.07,1.01,1.04,171996
2016-04-01 16:00:00-04:00,0.99,1.14,0.99,1.0999,268625
2016-04-04 16:00:00-04:00,1.12,1.12,1.06,1.08,115516
2016-04-05 16:00:00-04:00,1.06,1.09,1.06,1.06,79257
2016-04-06 16:00:00-04:00,1.05,1.1,1.05,1.1,138249
2016-04-07 16:00:00-04:00,1.07,1.12,1.06,1.12,475041
2016-04-08 16:00:00-04:00,1.11,1.22,1.11,1.17,513377
2016-04-11 16:00:00-04:00,1.21,1.28,1.21,1.25,368927
2016-04-12 16:00:00-04:00,1.25,1.255,1.17,1.22,261852
2016-04-13 16:00:00-04:00,1.19,1.25,1.13,1.25,410987
2016-04-14 16:00:00-04:00,1.2,1.25,1.15,1.15,329778
2016-04-15 16:00:00-04:00,1.22,1.22,1.18,1.22,200430
2016-04-18 16:00:00-04:00,1.2,1.24,1.2,1.2,209270
2016-04-19 16:00:00-04:00,1.26,1.32,1.24,1.27,607402
2016-04-20 16:00:00-04:00,1.28,1.2899,1.19,1.21,288321
2016-04-21 16:00:00-04:00,1.23,1.24,1.18,1.19,223182
2016-04-22 16:00:00-04:00,1.18,1.3,1.16,1.24,310545
2016-04-25 16:00:00-04:00,1.25,1.25,1.16,1.16,308216
2016-04-26 16:00:00-04:00,1.16,1.2,1.13,1.18,205556
2016-04-27 16:00:00-04:00,1.21,1.22,1.15,1.22,304264
2016-04-28 16:00:00-04:00,1.21,1.3,1.17,1.27,377973
2016-04-29 16:00:00-04:00,1.29,1.33,1.27,1.27,417280
2016-05-02 16:00:00-04:00,1.34,1.34,1.2,1.23,273285
2016-05-03 16:00:00-04:00,1.25,1.2651,1.2,1.22,107344
2016-05-04 16:00:00-04:00,1.22,1.28,1.15,1.28,349927
2016-05-05 16:00:00-04:00,1.31,1.35,1.25,1.32,1838242
2016-05-06 16:00:00-04:00,1.34,1.65,1.32,1.65,1189348
2016-05-09 16:00:00-04:00,1.41,1.58,1.38,1.44,1054051
2016-05-10 16:00:00-04:00,1.42,1.5,1.41,1.5,332667
2016-05-11 16:00:00-04:00,1.58,1.62,1.5,1.55,778161
2016-05-12 16:00:00-04:00,1.61,1.62,1.45,1.54,531811
2016-05-13 16:00:00-04:00,1.55,1.59,1.46,1.485,531797
2016-05-16 16:00:00-04:00,1.52,1.56,1.47,1.5,402291
2016-05-17 16:00:00-04:00,1.48,1.54,1.46,1.54,495118
2016-05-18 16:00:00-04:00,1.53,1.63,1.46,1.51,974231
2016-05-19 16:00:00-04:00,1.53,1.6,1.45,1.6,811698
2016-05-20 16:00:00-04:00,1.61,1.63,1.53,1.63,525573
2016-05-23 16:00:00-04:00,1.69,1.89,1.65,1.78,1410167
2016-05-24 16:00:00-04:00,1.78,1.78,1.58,1.65,928279
2016-05-25 16:00:00-04:00,1.51,1.67,1.48,1.61,1290240
2016-05-26 16:00:00-04:00,1.66,1.7,1.57,1.6475,580011
2016-05-27 16:00:00-04:00,1.69,1.69,1.55,1.62,903862
2016-05-31 16:00:00-04:00,1.58,1.69,1.54,1.56,672883
2016-06-01 16:00:00-04:00,1.58,1.58,1.5,1.51,460115
2016-06-02 16:00:00-04:00,1.56,1.6,1.53,1.6,1215669
2016-06-03 16:00:00-04:00,1.67,1.71,1.62,1.62,1221731
2016-06-06 16:00:00-04:00,1.73,1.73,1.64,1.71,1177611
2016-06-07 16:00:00-04:00,1.68,1.7,1.625,1.635,433560
2016-06-08 16:00:00-04:00,1.66,1.74,1.66,1.71,703396
2016-06-09 16:00:00-04:00,1.75,1.76,1.7,1.76,476965
2016-06-10 16:00:00-04:00,1.76,1.83,1.63,1.66,606597
2016-06-13 16:00:00-04:00,1.73,1.77,1.68,1.77,703570
2016-06-14 16:00:00-04:00,1.78,1.84,1.75,1.76,548674
2016-06-15 16:00:00-04:00,1.77,1.85,1.7301,1.7783,626393
2016-06-16 16:00:00-04:00,1.85,1.89,1.65,1.72,1165044
2016-06-17 16:00:00-04:00,1.78,1.78,1.7,1.76,398632
2016-06-20 16:00:00-04:00,1.74,1.79,1.67,1.77,667967
2016-06-21 16:00:00-04:00,1.73,1.75,1.65,1.67,632629
2016-06-22 16:00:00-04:00,1.72,1.73,1.62,1.71,628063
2016-06-23 16:00:00-04:00,1.74,1.76,1.66,1.75,435191
2016-06-24 16:00:00-04:00,1.87,1.88,1.71,1.78,952566
2016-06-27 16:00:00-04:00,1.78,1.87,1.69,1.7301,961729
2016-06-28 16:00:00-04:00,1.7,1.75,1.68,1.75,441472
2016-06-29 16:00:00-04:00,1.78,1.84,1.75,1.77,618931
2016-06-30 16:00:00-04:00,1.83,1.86,1.79,1.86,630265
2016-07-01 16:00:00-04:00,1.9,1.95,1.8399,1.95,821652
2016-07-05 16:00:00-04:00,1.96,2.05,1.92,2.04,749219
2016-07-06 16:00:00-04:00,2.07,2.1,1.92,1.97,1096506
2016-07-07 16:00:00-04:00,1.94,1.95,1.8,1.84,832476
2016-07-08 16:00:00-04:00,1.84,1.9,1.65,1.89,1268470
2016-07-11 16:00:00-04:00,1.86,1.89,1.79,1.85,689720
2016-07-12 16:00:00-04:00,1.85,1.86,1.71,1.75,762115
2016-07-13 16:00:00-04:00,1.75,1.81,1.75,1.77,597281
2016-07-14 16:00:00-04:00,1.74,1.75,1.67,1.72,513138
2016-07-15 16:00:00-04:00,1.65,1.74,1.64,1.68,701115
2016-07-18 16:00:00-04:00,1.66,1.68,1.61,1.61,602342
2016-07-19 16:00:00-04:00,1.6,1.69,1.6,1.67,436756
2016-07-20 16:00:00-04:00,1.67,1.67,1.6,1.61,352114
2016-07-21 16:00:00-04:00,1.6,1.6301,1.58,1.59,538073
2016-07-22 16:00:00-04:00,1.57,1.58,1.55,1.57,425846
2016-07-25 16:00:00-04:00,1.51,1.53,1.37,1.41,1091313
2016-07-26 16:00:00-04:00,1.37,1.45,1.27,1.4,1491542
2016-07-27 16:00:00-04:00,1.41,1.52,1.41,1.42,650963
2016-07-28 16:00:00-04:00,1.49,1.51,1.44,1.45,397269
2016-07-29 16:00:00-04:00,1.49,1.5004,1.45,1.5,465174
2016-08-01 16:00:00-04:00,1.51,1.5984,1.48,1.57,518662
2016-08-02 16:00:00-04:00,1.6,1.63,1.55,1.56,536801
2016-08-03 16:00:00-04:00,1.55,1.55,1.49,1.51,264647
2016-08-04 16:00:00-04:00,1.48,1.51,1.35,1.5,2084338
2016-08-05 16:00:00-04:00,1.4,1.45,1.38,1.42,606803
2016-08-08 16:00:00-04:00,1.42,1.5,1.4,1.46,458430
2016-08-09 16:00:00-04:00,1.73,1.96,1.72,1.93,3160987
2016-08-10 16:00:00-04:00,2.06,2.58,2.05,2.51,5426627
2016-08-11 16:00:00-04:00,2.74,3.2,2.41,2.9,11167330
2016-08-12 16:00:00-04:00,2.93,3.04,2.55,2.82,5361986
2016-08-15 16:00:00-04:00,2.75,2.9,2.69,2.72,1615091
2016-08-16 16:00:00-04:00,2.74,2.87,2.72,2.81,1675293
2016-08-17 16:00:00-04:00,2.82,2.95,2.76,2.91,1735850
2016-08-18 16:00:00-04:00,2.95,3.0,2.84,2.95,1339601
2016-08-19 16:00:00-04:00,2.85,2.95,2.8,2.93,969342
2016-08-22 16:00:00-04:00,2.81,2.88,2.75,2.84,1265495
2016-08-23 16:00:00-04:00,2.84,2.88,2.65,2.69,1084964
2016-08-24 16:00:00-04:00,2.62,2.65,2.28,2.44,2933207
2016-08-25 16:00:00-04:00,2.42,2.52,2.36,2.46,1015291
2016-08-26 16:00:00-04:00,2.47,2.55,2.36,2.46,732177
2016-08-29 16:00:00-04:00,2.46,2.4901,2.4,2.48,477786
2016-08-30 16:00:00-04:00,2.51,2.62,2.26,2.45,1051415
2016-08-31 16:00:00-04:00,2.36,2.36,2.24,2.34,962819
2016-09-01 16:00:00-04:00,2.3,2.49,2.26,2.46,597614
2016-09-02 16:00:00-04:00,2.54,2.6,2.47,2.52,864256
2016-09-06 16:00:00-04:00,2.63,2.8,2.56,2.72,1034548
2016-09-07 16:00:00-04:00,2.75,2.76,2.65,2.74,493230
2016-09-08 16:00:00-04:00,2.72,2.74,2.61,2.63,536023
2016-09-09 16:00:00-04:00,2.62,2.63,2.41,2.52,853025
2016-09-12 16:00:00-04:00,2.45,2.499,2.38,2.49,654268
2016-09-13 16:00:00-04:00,2.46,2.49,2.29,2.36,578026
2016-09-14 16:00:00-04:00,2.36,2.47,2.3,2.38,566820
2016-09-15 16:00:00-04:00,2.37,2.43,2.2696,2.28,441180
2016-09-16 16:00:00-04:00,2.27,2.29,2.2,2.22,459289
2016-09-19 16:00:00-04:00,2.26,2.37,2.25,2.27,376490
2016-09-20 16:00:00-04:00,2.29,2.34,2.2635,2.33,366241
2016-09-21 16:00:00-04:00,2.41,2.4295,2.3,2.4,648881
2016-09-22 16:00:00-04:00,2.45,2.52,2.4,2.46,458006
2016-09-23 16:00:00-04:00,2.43,2.4367,2.33,2.37,373114
2016-09-26 16:00:00-04:00,2.37,2.46,2.35,2.39,250600
2016-09-27 16:00:00-04:00,2.36,2.45,2.35,2.45,299082
2016-09-28 16:00:00-04:00,2.39,2.44,2.35,2.41,412775
2016-09-29 16:00:00-04:00,2.4,2.6,2.4,2.59,451076
2016-09-30 16:00:00-04:00,2.58,2.64,2.5,2.54,389763
2016-10-03 16:00:00-04:00,2.54,2.58,2.35,2.38,556328
2016-10-04 16:00:00-04:00,2.3,2.32,2.16,2.25,1035058
2016-10-05 16:00:00-04:00,2.2,2.2796,2.1799,2.27,576930
2016-10-06 16:00:00-04:00,2.22,2.234,2.03,2.19,780064
2016-10-07 16:00:00-04:00,2.25,2.5,2.19,2.47,731560
2016-10-10 16:00:00-04:00,2.38,2.6,2.28,2.34,370499
2016-10-11 16:00:00-04:00,2.33,2.3621,2.262,2.27,353438
2016-10-12 16:00:00-04:00,2.26,2.43,2.24,2.38,386513
2016-10-13 16:00:00-04:00,2.46,2.52,2.33,2.46,648180
2016-10-14 16:00:00-04:00,2.47,2.7,2.47,2.55,836155
2016-10-17 16:00:00-04:00,2.63,2.68,2.6,2.67,651858
2016-10-18 16:00:00-04:00,2.7,2.7,2.57,2.61,476954
2016-10-19 16:00:00-04:00,2.69,2.69,2.49,2.54,527499
2016-10-20 16:00:00-04:00,2.56,2.61,2.48,2.61,230541
2016-10-21 16:00:00-04:00,2.57,2.5774,2.48,2.51,268805
2016-10-24 16:00:00-04:00,2.57,2.57,2.38,2.39,443398
2016-10-25 16:00:00-04:00,2.45,2.53,2.39,2.52,454599
2016-10-26 16:00:00-04:00,2.54,2.54,2.35,2.47,519605
2016-10-27 16:00:00-04:00,2.49,2.49,2.35,2.38,349405
2016-10-28 16:00:00-04:00,2.34,2.42,2.34,2.36,315252
2016-10-31 16:00:00-04:00,2.34,2.39,2.31,2.39,287916
2016-11-01 16:00:00-04:00,2.42,2.5,2.42,2.46,588631
2016-11-02 16:00:00-04:00,2.5,2.5,2.33,2.36,726133
2016-11-03 16:00:00-04:00,2.34,2.44,2.31,2.42,270592
2016-11-04 16:00:00-04:00,2.4,2.4,2.3201,2.37,243183
2016-11-07 16:00:00-05:00,2.35,2.36,2.27,2.34,331061
2016-11-08 16:00:00-05:00,2.34,2.37,2.28,2.3,340084
2016-11-09 16:00:00-05:00,2.37,2.4099,2.28,2.39,456386
2016-11-10 16:00:00-05:00,2.3,2.39,2.1601,2.39,617542
2016-11-11 16:00:00-05:00,2.23,2.23,2.02,2.15,878275
2016-11-14 16:00:00-05:00,2.08,2.08,1.81,1.97,1128423
2016-11-15 16:00:00-05:00,2.02,2.25,2.01,2.19,593913
2016-11-16 16:00:00-05:00,2.21,2.28,2.14,2.24,371344
2016-11-17 16:00:00-05:00,2.22,2.37,2.2,2.28,472616
2016-11-18 16:00:00-05:00,2.25,2.48,2.2,2.48,642037
2016-11-21 16:00:00-05:00,2.48,2.48,2.23,2.23,376560
2016-11-22 16:00:00-05:00,2.23,2.38,2.23,2.29,372055
2016-11-23 16:00:00-05:00,2.2,2.3,2.1422,2.26,449604
2016-11-25 13:00:00-05:00,2.26,2.26,2.15,2.15,141008
2016-11-28 16:00:00-05:00,2.2,2.2809,2.18,2.27,230726
2016-11-29 16:00:00-05:00,2.24,2.29,2.22,2.2505,191369
2016-11-30 16:00:00-05:00,2.26,2.285,2.19,2.2389,414325
2016-12-01 16:00:00-05:00,2.22,2.31,2.18,2.29,351706
2016-12-02 16:00:00-05:00,2.35,2.47,2.31,2.4,556494
2016-12-05 16:00:00-05:00,2.4,2.47,2.3,2.46,343440
2016-12-06 16:00:00-05:00,2.46,2.46,2.36,2.42,207325
2016-12-07 16:00:00-05:00,2.42,2.45,2.38,2.41,259197
2016-12-08 16:00:00-05:00,2.41,2.45,2.38,2.429,252677
2016-12-09 16:00:00-05:00,2.4,2.43,2.22,2.25,901443
2016-12-12 16:00:00-05:00,2.23,2.26,2.15,2.16,590295
2016-12-13 16:00:00-05:00,2.16,2.29,2.15,2.275,403417
2016-12-14 16:00:00-05:00,2.27,2.38,2.09,2.09,424980
2016-12-15 16:00:00-05:00,2.03,2.05,1.99,2.02,557845
2016-12-16 16:00:00-05:00,2.0,2.07,1.99,2.005,334107
2016-12-19 16:00:00-05:00,1.99,2.02,1.91,1.94,544965
2016-12-20 16:00:00-05:00,1.87,1.94,1.84,1.89,939999
2016-12-21 16:00:00-05:00,1.91,2.0,1.9,1.965,427860
2016-12-22 16:00:00-05:00,1.91,1.96,1.85,1.91,317793
2016-12-23 16:00:00-05:00,1.9,2.0289,1.9,2.0,196344
2016-12-27 16:00:00-05:00,2.06,2.09,2.01,2.07,220920
2016-12-28 16:00:00-05:00,2.0,2.13,2.0,2.11,253756
2016-12-29 16:00:00-05:00,2.11,2.25,2.1,2.25,381080
2016-12-30 16:00:00-05:00,2.25,2.25,2.12,2.13,481113
2017-01-03 16:00:00-05:00,2.15,2.22,2.1,2.195,224482
2017-01-04 16:00:00-05:00,2.22,2.25,2.2,2.2199,211048
2017-01-05 16:00:00-05:00,2.25,2.34,2.24,2.315,369277
2017-01-06 16:00:00-05:00,2.32,2.32,2.22,2.25,297403
2017-01-09 16:00:00-05:00,2.29,2.29,2.19,2.25,317953
2017-01-10 16:00:00-05:00,2.25,2.29,2.2,2.23,213379
2017-01-11 16:00:00-05:00,2.21,2.3,2.18,2.27,192671
2017-01-12 16:00:00-05:00,2.3,2.33,2.22,2.25,249678
2017-01-13 16:00:00-05:00,2.23,2.2699,2.2,2.23,254246
2017-01-17 16:00:00-05:00,2.26,2.28,2.16,2.22,307960
2017-01-18 16:00:00-05:00,2.25,2.25,2.14,2.16,300289
2017-01-19 16:00:00-05:00,2.18,2.18,2.12,2.14,327779
2017-01-20 16:00:00-05:00,2.15,2.25,2.12,2.24,429239
2017-01-23 16:00:00-05:00,2.29,2.5568,2.256,2.52,981347
2017-01-24 16:00:00-05:00,2.55,2.58,2.46,2.56,827736
2017-01-25 16:00:00-05:00,2.53,2.53,2.41,2.49,647488
2017-01-26 16:00:00-05:00,2.49,2.65,2.41,2.6,1056407
2017-01-27 16:00:00-05:00,2.54,2.856,2.51,2.78,1762824
2017-01-30 16:00:00-05:00,2.79,2.79,2.7,2.71,633572
2017-01-31 16:00:00-05:00,2.77,2.8,2.72,2.78,457695
2017-02-01 16:00:00-05:00,2.72,2.75,2.67,2.73,501069
2017-02-02 16:00:00-05:00,2.8,2.82,2.76,2.8,389309
2017-02-03 16:00:00-05:00,2.81,2.88,2.75,2.84,768211
2017-02-06 16:00:00-05:00,2.87,2.92,2.8,2.92,476196
2017-02-07 16:00:00-05:00,2.9,2.93,2.84,2.89,666261
2017-02-08 16:00:00-05:00,2.93,2.94,2.84,2.88,917304
2017-02-09 16:00:00-05:00,2.95,2.95,2.71,2.88,930504
2017-02-10 16:00:00-05:00,2.78,2.9,2.75,2.84,1018149
2017-02-13 16:00:00-05:00,2.76,2.84,2.76,2.79,705224
2017-02-14 16:00:00-05:00,2.81,2.83,2.67,2.76,1116332
2017-02-15 16:00:00-05:00,2.71,2.8,2.69,2.74,1149342
2017-02-16 16:00:00-05:00,2.74,2.78,2.7025,2.75,1178421
2017-02-17 16:00:00-05:00,2.73,2.7784,2.72,2.77,914739
2017-02-21 16:00:00-05:00,2.75,2.78,2.7,2.77,1050786
2017-02-22 16:00:00-05:00,2.76,2.775,2.7,2.75,810309
2017-02-23 16:00:00-05:00,2.77,2.78,2.71,2.755,880739
2017-02-24 16:00:00-05:00,2.77,2.77,2.61,2.71,1704585
2017-02-27 16:00:00-05:00,2.68,2.76,2.64,2.68,1976845
2017-02-28 16:00:00-05:00,2.69,2.72,2.55,2.61,1585170
2017-03-01 16:00:00-05:00,2.53,2.85,2.53,2.57,1451852
2017-03-02 16:00:00-05:00,2.54,2.61,2.41,2.42,1058008
2017-03-03 16:00:00-05:00,2.4,2.48,2.32,2.41,1241014
2017-03-06 16:00:00-05:00,2.4,2.42,2.29,2.34,942692
2017-03-07 16:00:00-05:00,2.33,2.42,2.29,2.41,741531
2017-03-08 16:00:00-05:00,2.37,2.43,2.33,2.34,626642
2017-03-09 16:00:00-05:00,2.32,2.4,2.311,2.4,630533
2017-03-10 16:00:00-05:00,2.4,2.46,2.35,2.46,1281963
2017-03-13 16:00:00-04:00,2.49,2.59,2.49,2.59,4113074
2017-03-14 16:00:00-04:00,2.6,2.68,2.52,2.58,4756136
2017-03-15 16:00:00-04:00,2.59,2.67,2.47,2.61,4973694
2017-03-16 16:00:00-04:00,2.67,2.67,2.52,2.54,2041427
2017-03-17 16:00:00-04:00,2.53,2.65,2.31,2.63,31099674
2017-03-20 16:00:00-04:00,2.51,2.59,2.44,2.56,1809376
2017-03-21 16:00:00-04:00,2.53,2.64,2.53,2.6,1064670
2017-03-22 16:00:00-04:00,2.62,2.73,2.555,2.71,2424483
2017-03-23 16:00:00-04:00,2.7,2.76,2.6,2.73,1384492
2017-03-24 16:00:00-04:00,2.71,2.74,2.55,2.59,1056480
2017-03-27 16:00:00-04:00,2.68,2.68,2.46,2.53,1217816
2017-03-28 16:00:00-04:00,2.52,2.53,2.22,2.31,2190976
2017-03-29 16:00:00-04:00,2.34,2.34,2.2501,2.31,374109
2017-03-30 16:00:00-04:00,2.28,2.29,2.2,2.2,675820
2017-03-31 16:00:00-04:00,2.25,2.26,2.15,2.16,1065858
2017-04-03 16:00:00-04:00,2.16,2.17,2.06,2.09,1518283
2017-04-04 16:00:00-04:00,2.09,2.1,2.0,2.06,1200604
2017-04-05 16:00:00-04:00,2.04,2.1,2.0,2.07,877703
2017-04-06 16:00:00-04:00,2.08,2.09,1.98,2.02,743316
2017-04-07 16:00:00-04:00,2.05,2.1,1.95,1.99,1485585
2017-04-10 16:00:00-04:00,1.99,2.03,1.91,2.02,988345
2017-04-11 16:00:00-04:00,2.03,2.14,2.03,2.09,978790
2017-04-12 16:00:00-04:00,2.12,2.12,1.97,2.04,1247033
2017-04-13 16:00:00-04:00,2.05,2.05,1.91,2.0,1890140
2017-04-17 16:00:00-04:00,2.02,2.03,1.9,2.0,1548992
2017-04-18 16:00:00-04:00,2.01,2.025,1.91,1.92,1156796
2017-04-19 16:00:00-04:00,1.92,1.95,1.84,1.9,1826043
2017-04-20 16:00:00-04:00,1.92,1.94,1.86,1.9,617889
2017-04-21 16:00:00-04:00,1.88,1.925,1.87,1.89,576412
2017-04-24 16:00:00-04:00,1.85,1.9,1.85,1.87,733641
2017-04-25 16:00:00-04:00,1.84,1.87,1.71,1.78,1946570
2017-04-26 16:00:00-04:00,1.73,1.85,1.71,1.79,1166608
2017-04-27 16:00:00-04:00,1.81,1.81,1.7,1.71,656521
2017-04-28 16:00:00-04:00,1.69,1.78,1.68,1.7,816970
2017-05-01 16:00:00-04:00,1.68,1.69,1.54,1.58,924003
2017-05-02 16:00:00-04:00,1.6,1.7,1.53,1.67,1122106
2017-05-03 16:00:00-04:00,1.68,1.68,1.62,1.65,509426
2017-05-04 16:00:00-04:00,1.66,1.66,1.54,1.55,1018642
2017-05-05 16:00:00-04:00,1.55,1.61,1.55,1.57,596034
2017-05-08 16:00:00-04:00,1.6,1.6,1.5,1.57,662899
2017-05-09 16:00:00-04:00,1.57,1.57,1.49,1.55,665909
2017-05-10 16:00:00-04:00,1.54,1.56,1.51,1.53,664486
2017-05-11 16:00:00-04:00,1.54,1.61,1.52,1.61,934564
2017-05-12 16:00:00-04:00,1.65,1.75,1.62,1.66,943234
2017-05-15 16:00:00-04:00,1.7,1.74,1.57,1.62,855197
2017-05-16 16:00:00-04:00,1.63,1.66,1.56,1.63,703094
2017-05-17 16:00:00-04:00,1.65,1.71,1.63,1.67,984556
2017-05-18 16:00:00-04:00,1.67,1.67,1.585,1.61,525327
2017-05-19 16:00:00-04:00,1.61,1.6304,1.58,1.6,905193
2017-05-22 16:00:00-04:00,1.6,1.74,1.58,1.72,822783
2017-05-23 16:00:00-04:00,1.63,1.71,1.54,1.55,1128274
2017-05-24 16:00:00-04:00,1.55,1.6,1.51,1.57,963711
2017-05-25 16:00:00-04:00,1.57,1.62,1.57,1.61,906552
2017-05-26 16:00:00-04:00,1.64,1.68,1.63,1.67,654764
2017-05-30 16:00:00-04:00,1.67,1.69,1.65,1.66,652118
2017-05-31 16:00:00-04:00,1.65,1.69,1.65,1.65,983666
2017-06-01 16:00:00-04:00,1.65,1.705,1.64,1.64,1086366
2017-06-02 16:00:00-04:00,1.63,1.73,1.63,1.71,513081
2017-06-05 16:00:00-04:00,1.73,1.79,1.7,1.72,1186550
2017-06-06 16:00:00-04:00,1.78,1.93,1.74,1.92,1804929
2017-06-07 16:00:00-04:00,1.92,1.94,1.85,1.89,1436807
2017-06-08 16:00:00-04:00,1.86,1.88,1.75,1.83,1758439
2017-06-09 16:00:00-04:00,1.81,1.86,1.77,1.86,1046484
2017-06-12 16:00:00-04:00,1.83,2.03,1.82,1.93,1601202
2017-06-13 16:00:00-04:00,1.91,2.03,1.9,2.01,1074275
2017-06-14 16:00:00-04:00,2.06,2.07,1.8,2.01,2067614
2017-06-15 16:00:00-04:00,1.96,2.0,1.83,1.88,1423392
2017-06-16 16:00:00-04:00,1.91,2.04,1.88,1.92,13628819
2017-06-19 16:00:00-04:00,1.95,1.99,1.79,1.79,1616916
2017-06-20 16:00:00-04:00,1.78,1.85,1.75,1.83,1027386
2017-06-21 16:00:00-04:00,1.83,1.89,1.77,1.8,796371
2017-06-22 16:00:00-04:00,1.82,1.86,1.82,1.83,441365
2017-06-23 16:00:00-04:00,1.83,1.88,1.82,1.85,578275
2017-06-26 16:00:00-04:00,1.82,1.89,1.8099,1.88,585267
2017-06-27 16:00:00-04:00,1.88,1.9299,1.6336,1.75,1909209
2017-06-28 16:00:00-04:00,1.76,1.78,1.6899,1.76,437423
2017-06-29 16:00:00-04:00,1.71,1.74,1.65,1.71,617883
2017-06-30 16:00:00-04:00,1.71,1.78,1.69,1.71,559764
2017-07-03 13:00:00-04:00,1.69,1.7,1.63,1.69,272519
2017-07-05 16:00:00-04:00,1.66,1.735,1.65,1.72,600067
2017-07-06 16:00:00-04:00,1.71,1.73,1.68,1.71,674134
2017-07-07 16:00:00-04:00,1.7,1.7499,1.65,1.74,608938
2017-07-10 16:00:00-04:00,1.65,1.79,1.65,1.76,655810
2017-07-11 16:00:00-04:00,1.75,1.8199,1.6904,1.76,1600175
2017-07-12 16:00:00-04:00,1.79,1.79,1.7,1.73,507105
2017-07-13 16:00:00-04:00,1.7,1.7299,1.6721,1.69,399353
2017-07-14 16:00:00-04:00,1.74,1.76,1.7,1.71,512572
2017-07-17 16:00:00-04:00,1.74,1.76,1.71,1.76,299932
2017-07-18 16:00:00-04:00,1.77,1.7899,1.71,1.76,804800
2017-07-19 16:00:00-04:00,1.75,1.77,1.72,1.76,243622
2017-07-20 16:00:00-04:00,1.78,1.79,1.74,1.75,362663
2017-07-21 16:00:00-04:00,1.75,1.76,1.725,1.75,184245
2017-07-24 16:00:00-04:00,1.74,1.745,1.69,1.7,251243
2017-07-25 16:00:00-04:00,1.7,1.735,1.6513,1.67,411633
2017-07-26 16:00:00-04:00,1.67,1.7,1.65,1.69,760003
2017-07-27 16:00:00-04:00,1.68,1.685,1.63,1.64,565632
2017-07-28 16:00:00-04:00,1.64,1.69,1.63,1.69,625520
2017-07-31 16:00:00-04:00,0.0,0.0,0.0,1.7,428735
2017-08-01 16:00:00-04:00,1.68,1.71,1.66,1.68,251189
2017-08-02 16:00:00-04:00,1.68,1.68,1.65,1.66,266768
2017-08-03 16:00:00-04:00,1.66,1.69,1.62,1.68,444395
2017-08-04 16:00:00-04:00,1.67,1.69,1.63,1.66,388139
2017-08-07 16:00:00-04:00,1.64,1.7,1.6,1.68,191926
2017-08-08 16:00:00-04:00,1.68,1.68,1.61,1.635,333834
2017-08-09 16:00:00-04:00,1.65,1.67,1.62,1.66,272088
2017-08-10 16:00:00-04:00,1.7,1.7,1.63,1.64,487658
2017-08-11 16:00:00-04:00,1.63,1.67,1.62,1.62,239555
2017-08-14 16:00:00-04:00,1.65,1.66,1.61,1.64,253530
2017-08-15 16:00:00-04:00,1.61,1.66,1.61,1.64,244856
2017-08-16 16:00:00-04:00,1.62,1.68,1.61,1.67,396494
2017-08-17 16:00:00-04:00,1.69,1.69,1.62,1.66,214952
2017-08-18 16:00:00-04:00,1.69,1.69,1.64,1.65,228019
2017-08-21 16:00:00-04:00,1.65,1.71,1.63,1.71,436092
2017-08-22 16:00:00-04:00,1.7,1.8,1.69,1.79,478067
2017-08-23 16:00:00-04:00,1.78,1.81,1.73,1.785,261105
2017-08-24 16:00:00-04:00,1.76,1.795,1.7407,1.75,242150
2017-08-25 16:00:00-04:00,1.75,1.765,1.73,1.73,276269
2017-08-28 16:00:00-04:00,1.77,1.85,1.73,1.84,743378
2017-08-29 16:00:00-04:00,1.85,1.85,1.77,1.77,471347
2017-08-30 16:00:00-04:00,1.76,1.815,1.73,1.79,475030
2017-08-31 16:00:00-04:00,1.78,1.83,1.75,1.78,821259
2017-09-01 16:00:00-04:00,1.81,1.83,1.78,1.82,282396
2017-09-05 16:00:00-04:00,1.83,1.86,1.8,1.86,467785
2017-09-06 16:00:00-04:00,1.87,1.9,1.82,1.87,414929
2017-09-07 16:00:00-04:00,1.87,1.8962,1.86,1.89,285506
2017-09-08 16:00:00-04:00,1.87,1.93,1.84,1.93,444229
2017-09-11 16:00:00-04:00,1.89,1.91,1.85,1.86,386032
2017-09-12 16:00:00-04:00,1.84,1.88,1.82,1.87,276835
2017-09-13 16:00:00-04:00,1.87,1.87,1.76,1.81,341266
2017-09-14 16:00:00-04:00,1.81,1.84,1.76,1.79,291760
2017-09-15 16:00:00-04:00,1.77,1.7968,1.74,1.78,1144802
2017-09-18 16:00:00-04:00,1.77,1.78,1.66,1.7093,516798
2017-09-19 16:00:00-04:00,1.7,1.72,1.69,1.71,314643
2017-09-20 16:00:00-04:00,1.73,1.73,1.64,1.67,315106
2017-09-21 16:00:00-04:00,1.67,1.69,1.625,1.63,255012
2017-09-22 16:00:00-04:00,1.65,1.69,1.62,1.69,156844
2017-09-25 16:00:00-04:00,1.69,1.69,1.63,1.63,358691
2017-09-26 16:00:00-04:00,1.62,1.65,1.53,1.56,734862
2017-09-27 16:00:00-04:00,1.52,1.5799,1.47,1.56,514387
2017-09-28 16:00:00-04:00,1.5,1.64,1.5,1.62,240069
2017-09-29 16:00:00-04:00,1.64,1.64,1.6,1.62,285555
2017-10-02 16:00:00-04:00,1.59,1.61,1.56,1.6,160577
2017-10-03 16:00:00-04:00,1.59,1.61,1.58,1.595,219397
2017-10-04 16:00:00-04:00,1.6,1.63,1.58,1.62,322810
2017-10-05 16:00:00-04:00,1.63,1.68,1.61,1.66,497692
2017-10-06 16:00:00-04:00,1.65,1.68,1.62,1.64,288921
2017-10-09 16:00:00-04:00,1.64,1.66,1.64,1.66,66134
2017-10-10 16:00:00-04:00,1.63,1.7,1.591,1.67,362599
2017-10-11 16:00:00-04:00,1.66,1.67,1.65,1.65,14626
2017-10-12 16:00:00-04:00,1.64,1.66,1.6,1.6,315365
2017-10-13 16:00:00-04:00,1.6,1.6403,1.58,1.615,197486
2017-10-16 16:00:00-04:00,1.61,1.62,1.5,1.53,221369
2017-10-17 16:00:00-04:00,1.5,1.55,1.49,1.55,347417
2017-10-18 16:00:00-04:00,1.53,1.58,1.5225,1.58,263669
2017-10-19 16:00:00-04:00,1.56,1.58,1.55,1.56,198358
2017-10-20 16:00:00-04:00,1.52,1.56,1.52,1.53,213999
2017-10-23 16:00:00-04:00,1.5,1.53,1.49,1.52,238628
2017-10-24 16:00:00-04:00,1.5,1.51,1.45,1.47,269613
2017-10-25 16:00:00-04:00,1.45,1.4701,1.41,1.44,485469
2017-10-26 16:00:00-04:00,1.41,1.44,1.33,1.35,1031045
2017-10-27 16:00:00-04:00,1.32,1.41,1.32,1.4,565889
2017-10-30 16:00:00-04:00,1.37,1.4,1.34,1.36,429098
2017-10-31 16:00:00-04:00,1.34,1.34,1.29,1.32,396553
2017-11-01 16:00:00-04:00,1.31,1.34,1.28,1.3,273850
2017-11-02 16:00:00-04:00,1.29,1.35,1.271,1.33,293540
2017-11-03 16:00:00-04:00,1.34,1.34,1.25,1.275,322934
2017-11-06 16:00:00-05:00,1.27,1.32,1.27,1.3,328048
2017-11-07 16:00:00-05:00,1.32,1.52,1.32,1.52,1062864
2017-11-08 16:00:00-05:00,1.56,1.56,1.43,1.47,476664
2017-11-09 16:00:00-05:00,1.46,1.49,1.4301,1.48,342691
2017-11-10 16:00:00-05:00,1.49,1.6,1.49,1.58,549244
2017-11-13 16:00:00-05:00,1.57,1.5775,1.48,1.53,274045
2017-11-14 16:00:00-05:00,1.52,1.54,1.44,1.45,343770
2017-11-15 16:00:00-05:00,1.46,1.49,1.44,1.47,417059
2017-11-16 16:00:00-05:00,1.48,1.485,1.41,1.48,340935
2017-11-17 16:00:00-05:00,1.5,1.5,1.46,1.47,319077
2017-11-20 16:00:00-05:00,1.43,1.5,1.43,1.49,280603
2017-11-21 16:00:00-05:00,1.5,1.51,1.45,1.5,462252
2017-11-22 16:00:00-05:00,1.49,1.5,1.48,1.49,189605
2017-11-24 13:00:00-05:00,1.48,1.51,1.47,1.49,113875
2017-11-27 16:00:00-05:00,1.5,1.51,1.47,1.49,196104
2017-11-28 16:00:00-05:00,1.48,1.5,1.4673,1.475,110256
2017-11-29 16:00:00-05:00,1.48,1.49,1.445,1.47,251908
2017-11-30 16:00:00-05:00,1.48,1.48,1.36,1.41,260291
2017-12-01 16:00:00-05:00,1.4,1.45,1.38,1.44,342584
2017-12-04 16:00:00-05:00,1.42,1.44,1.39,1.43,257072
2017-12-05 16:00:00-05:00,1.43,1.49,1.39,1.48,423398
2017-12-06 16:00:00-05:00,1.46,1.48,1.39,1.42,302379
2017-12-07 16:00:00-05:00,1.4,1.44,1.38,1.44,452894
2017-12-08 16:00:00-05:00,1.45,1.45,1.3959,1.41,228803
2017-12-11 16:00:00-05:00,1.41,1.45,1.4,1.4,438340
